0.00	0.00	0.00	340282346638528859811704183484516925440.00	340282346638528859811704183484516925440.00	340282346638528859811704183484516925440.00	0.00	0.00	0.00	0.00	0.00	0.00	0.00	
-6.05	0.33	0.14	0.00	0.00	0.00	-0.00	0.00	-2.53	0.00	0.00	0.00	0.00	
-6.05	0.32	0.14	-6.05	0.33	0.14	-0.00	0.00	-2.53	0.00	0.00	0.00	0.00	
-6.06	0.32	0.14	-6.05	0.32	0.14	-0.00	0.00	-2.53	0.00	0.00	0.00	0.00	
-6.06	0.32	0.14	-6.06	0.32	0.14	-0.00	0.00	-2.53	0.00	0.00	0.00	0.00	
-6.07	0.31	0.14	-6.06	0.32	0.14	-0.00	0.00	-2.53	0.00	0.00	0.00	0.00	
-6.07	0.31	0.14	-6.07	0.31	0.14	-0.00	0.00	-2.53	0.00	0.00	0.00	0.00	
-6.08	0.30	0.14	-6.07	0.31	0.14	-0.00	0.00	-2.53	0.00	0.00	0.00	0.00	
-6.08	0.30	0.14	-6.08	0.30	0.14	-0.00	0.00	-2.53	0.00	0.00	0.00	0.00	
-6.09	0.30	0.14	-6.08	0.30	0.14	-0.00	0.00	-2.53	0.00	0.00	0.00	0.00	
-6.10	0.29	0.14	-6.09	0.30	0.14	-0.00	0.00	-2.53	0.00	0.00	0.00	0.00	
-6.10	0.29	0.14	-6.10	0.29	0.14	-0.00	0.00	-2.53	0.00	0.00	0.00	0.00	
-6.11	0.28	0.14	-6.10	0.29	0.14	-0.00	0.00	-2.53	0.00	0.00	0.00	0.00	
-6.11	0.28	0.14	-6.11	0.28	0.14	-0.00	0.00	-2.53	0.00	0.00	0.00	0.00	
-6.12	0.28	0.14	-6.11	0.28	0.14	-0.00	0.00	-2.53	0.00	0.00	0.00	0.00	
-6.13	0.27	0.14	-6.12	0.28	0.14	-0.00	0.00	-2.53	0.00	0.00	0.00	0.00	
-6.13	0.27	0.14	-6.13	0.27	0.14	-0.00	0.00	-2.53	0.00	0.00	0.00	0.00	
-6.14	0.26	0.14	-6.13	0.27	0.14	-0.00	0.00	-2.53	0.00	0.00	0.00	0.00	
-6.14	0.26	0.14	-6.14	0.26	0.14	-0.00	0.00	-2.53	0.00	0.00	0.00	0.00	
-6.15	0.26	0.14	-6.14	0.26	0.14	-0.00	0.00	-2.53	0.00	0.00	0.00	0.00	
-6.16	0.25	0.14	-6.15	0.26	0.14	-0.00	0.00	-2.53	0.00	0.00	0.00	0.00	
-6.16	0.25	0.14	-6.16	0.25	0.14	-0.00	0.00	-2.53	0.00	0.00	0.00	0.00	
-6.17	0.24	0.14	-6.16	0.25	0.14	-0.00	0.00	-2.53	0.00	0.00	0.00	0.00	
-6.17	0.24	0.14	-6.17	0.24	0.14	-0.00	0.00	-2.53	0.00	0.00	0.00	0.00	
-6.18	0.24	0.14	-6.17	0.24	0.14	-0.00	0.00	-2.53	0.00	0.00	0.00	0.00	
-6.18	0.23	0.14	-6.18	0.24	0.14	-0.00	0.00	-2.53	0.00	0.00	0.00	0.00	
-6.19	0.23	0.14	-6.18	0.23	0.14	-0.00	0.00	-2.53	0.00	0.00	0.00	0.00	
-6.20	0.22	0.14	-6.19	0.23	0.14	-0.00	0.00	-2.53	0.00	0.00	0.00	0.00	
-6.20	0.22	0.14	-6.20	0.22	0.14	-0.00	0.00	-2.53	0.00	0.00	0.00	0.00	
-6.21	0.21	0.14	-6.20	0.22	0.14	-0.00	0.00	-2.53	0.00	0.00	0.00	0.00	
-6.21	0.21	0.14	-6.21	0.21	0.14	-0.00	0.00	-2.53	0.00	0.00	0.00	0.00	
-6.22	0.21	0.14	-6.21	0.21	0.14	-0.00	0.00	-2.53	0.00	0.00	0.00	0.00	
-6.23	0.20	0.14	-6.22	0.21	0.14	-0.00	0.00	-2.53	0.00	0.00	0.00	0.00	
-6.23	0.20	0.14	-6.23	0.20	0.14	-0.00	0.00	-2.53	0.00	0.00	0.00	0.00	
-6.24	0.19	0.14	-6.23	0.20	0.14	-0.00	0.00	-2.53	0.00	0.00	0.00	0.00	
-6.24	0.19	0.14	-6.24	0.19	0.14	-0.00	0.00	-2.53	0.00	0.00	0.00	0.00	
-6.25	0.19	0.14	-6.24	0.19	0.14	-0.00	0.00	-2.53	0.00	0.00	0.00	0.00	
-6.25	0.18	0.14	-6.25	0.19	0.14	-0.00	0.00	-2.53	0.00	0.00	0.00	0.00	
-6.26	0.18	0.14	-6.25	0.18	0.14	-0.00	0.00	-2.53	0.00	0.00	0.00	0.00	
-6.27	0.17	0.14	-6.26	0.18	0.14	-0.00	0.00	-2.53	0.00	0.00	0.00	0.00	
-6.27	0.17	0.14	-6.27	0.17	0.14	-0.00	0.00	-2.53	0.00	0.00	0.00	0.00	
-6.28	0.17	0.14	-6.27	0.17	0.14	-0.00	0.00	-2.53	0.00	0.00	0.00	0.00	
-6.28	0.16	0.14	-6.28	0.17	0.14	-0.00	0.00	-2.53	0.00	0.00	0.00	0.00	
-6.29	0.16	0.14	-6.28	0.16	0.14	-0.00	0.00	-2.53	0.00	0.00	0.00	0.00	
-6.30	0.15	0.14	-6.29	0.16	0.14	-0.00	0.00	-2.53	0.00	0.00	0.00	0.00	
-6.30	0.15	0.14	-6.30	0.15	0.14	-0.00	0.00	-2.53	0.00	0.00	0.00	0.00	
-6.30	0.15	0.14	-6.30	0.15	0.14	-0.00	0.00	-2.53	0.00	0.00	0.00	0.00	
-6.30	0.15	0.14	-6.30	0.15	0.14	-0.00	0.00	-2.52	0.00	0.00	0.00	0.00	
-6.30	0.15	0.14	-6.30	0.15	0.14	-0.00	0.00	-2.51	0.00	0.00	0.00	0.00	
-6.31	0.15	0.14	-6.30	0.15	0.14	-0.00	0.00	-2.49	0.00	0.00	0.00	0.00	
-6.31	0.15	0.14	-6.31	0.15	0.14	-0.00	0.00	-2.47	0.00	0.00	0.00	0.00	
-6.31	0.14	0.14	-6.31	0.15	0.14	-0.00	0.00	-2.45	0.00	0.00	0.00	0.00	
-6.32	0.14	0.14	-6.31	0.14	0.14	-0.00	0.00	-2.43	0.00	0.00	0.00	0.00	
-6.32	0.14	0.14	-6.32	0.14	0.14	-0.00	0.00	-2.42	0.00	0.00	0.00	0.00	
-6.32	0.14	0.14	-6.32	0.14	0.14	-0.00	0.00	-2.40	0.00	0.00	0.00	0.00	
-6.33	0.14	0.14	-6.32	0.14	0.14	-0.00	0.00	-2.38	0.00	0.00	0.00	0.00	
-6.33	0.13	0.14	-6.33	0.14	0.14	-0.00	0.00	-2.36	0.00	0.00	0.00	0.00	
-6.33	0.13	0.14	-6.33	0.13	0.14	-0.00	0.00	-2.33	0.00	0.00	0.00	0.00	
-6.34	0.13	0.14	-6.33	0.13	0.14	-0.00	0.00	-2.31	0.00	0.00	0.00	0.00	
-6.34	0.13	0.14	-6.34	0.13	0.14	-0.00	0.00	-2.29	0.00	0.00	0.00	0.00	
-6.34	0.13	0.14	-6.34	0.13	0.14	-0.00	0.00	-2.27	0.00	0.00	0.00	0.00	
-6.35	0.12	0.14	-6.34	0.13	0.14	-0.00	0.00	-2.25	0.00	0.00	0.00	0.00	
-6.35	0.12	0.14	-6.35	0.12	0.14	-0.00	0.00	-2.23	0.00	0.00	0.00	0.00	
-6.35	0.12	0.14	-6.35	0.12	0.14	-0.00	0.00	-2.21	0.00	0.00	0.00	0.00	
-6.36	0.12	0.14	-6.35	0.12	0.14	-0.00	0.00	-2.19	0.00	0.00	0.00	0.00	
-6.36	0.11	0.14	-6.36	0.12	0.14	-0.00	0.00	-2.17	0.00	0.00	0.00	0.00	
-6.36	0.11	0.14	-6.36	0.11	0.14	-0.00	0.00	-2.15	0.00	0.00	0.00	0.00	
-6.36	0.11	0.14	-6.36	0.11	0.14	-0.00	0.00	-2.13	0.00	0.00	0.00	0.00	
-6.37	0.11	0.14	-6.36	0.11	0.14	-0.00	0.00	-2.11	0.00	0.00	0.00	0.00	
-6.37	0.10	0.14	-6.37	0.11	0.14	-0.00	0.00	-2.09	0.00	0.00	0.00	0.00	
-6.37	0.10	0.14	-6.37	0.10	0.14	-0.00	0.00	-2.06	0.00	0.00	0.00	0.00	
-6.37	0.10	0.14	-6.37	0.10	0.14	-0.00	0.00	-2.04	0.00	0.00	0.00	0.00	
-6.38	0.10	0.14	-6.37	0.10	0.14	-0.00	0.00	-2.02	0.00	0.00	0.00	0.00	
-6.38	0.09	0.14	-6.38	0.10	0.14	-0.00	0.00	-2.00	0.00	0.00	0.00	0.00	
-6.38	0.09	0.14	-6.38	0.09	0.14	-0.00	0.00	-1.98	0.00	0.00	0.00	0.00	
-6.38	0.09	0.14	-6.38	0.09	0.14	-0.00	0.00	-1.96	0.00	0.00	0.00	0.00	
-6.39	0.08	0.14	-6.38	0.09	0.14	-0.00	0.00	-1.94	0.00	0.00	0.00	0.00	
-6.39	0.08	0.14	-6.39	0.08	0.14	-0.00	0.00	-1.92	0.00	0.00	0.00	0.00	
-6.39	0.08	0.14	-6.39	0.08	0.14	-0.00	0.00	-1.90	0.00	0.00	0.00	0.00	
-6.39	0.07	0.14	-6.39	0.08	0.14	-0.00	0.00	-1.88	0.00	0.00	0.00	0.00	
-6.39	0.07	0.14	-6.39	0.07	0.14	-0.00	0.00	-1.86	0.00	0.00	0.00	0.00	
-6.40	0.07	0.14	-6.39	0.07	0.14	-0.00	0.00	-1.84	0.00	0.00	0.00	0.00	
-6.40	0.06	0.14	-6.40	0.07	0.14	-0.00	0.00	-1.82	0.00	0.00	0.00	0.00	
-6.40	0.06	0.14	-6.40	0.06	0.14	-0.00	0.00	-1.80	0.00	0.00	0.00	0.00	
-6.40	0.06	0.14	-6.40	0.06	0.14	-0.00	0.00	-1.78	0.00	0.00	0.00	0.00	
-6.40	0.05	0.14	-6.40	0.06	0.14	-0.00	0.00	-1.76	0.00	0.00	0.00	0.00	
-6.40	0.05	0.14	-6.40	0.05	0.14	-0.00	0.00	-1.74	0.00	0.00	0.00	0.00	
-6.40	0.05	0.14	-6.40	0.05	0.14	-0.00	0.00	-1.72	0.00	0.00	0.00	0.00	
-6.41	0.04	0.14	-6.40	0.05	0.14	-0.00	0.00	-1.70	0.00	0.00	0.00	0.00	
-6.41	0.04	0.14	-6.41	0.04	0.14	-0.00	0.00	-1.68	0.00	0.00	0.00	0.00	
-6.41	0.04	0.14	-6.41	0.04	0.14	-0.00	0.00	-1.66	0.00	0.00	0.00	0.00	
-6.41	0.03	0.14	-6.41	0.04	0.14	-0.00	0.00	-1.64	0.00	0.00	0.00	0.00	
-6.41	0.03	0.14	-6.41	0.03	0.14	-0.00	0.00	-1.62	0.00	0.00	0.00	0.00	
-6.41	0.03	0.14	-6.41	0.03	0.14	-0.00	0.00	-1.61	0.00	0.00	0.00	0.00	
-6.41	0.02	0.14	-6.41	0.03	0.14	-0.00	0.00	-1.59	0.00	0.00	0.00	0.00	
-6.41	0.02	0.14	-6.41	0.02	0.14	-0.00	-0.00	-1.57	0.00	0.00	0.00	0.00	
-6.41	0.01	0.14	-6.41	0.02	0.14	-0.00	-0.00	-1.54	0.00	0.00	0.00	0.00	
-6.42	0.01	0.14	-6.41	0.01	0.14	-0.00	-0.00	-1.53	0.00	0.00	0.00	0.00	
-6.42	0.01	0.14	-6.42	0.01	0.14	-0.00	-0.00	-1.52	0.00	0.00	0.00	0.00	
-6.42	0.00	0.14	-6.42	0.01	0.14	-0.00	-0.00	-1.51	0.00	0.00	0.00	0.00	
-6.42	-0.00	0.14	-6.42	0.00	0.14	-0.00	-0.00	-1.51	0.00	0.00	0.00	0.00	
-6.41	-0.01	0.14	-6.42	-0.00	0.14	-0.00	-0.00	-1.51	0.00	0.00	0.00	0.00	
-6.41	-0.02	0.14	-6.41	-0.01	0.14	-0.00	-0.00	-1.52	0.00	0.00	0.00	0.00	
-6.41	-0.02	0.14	-6.41	-0.02	0.14	-0.00	-0.00	-1.52	0.00	0.00	0.00	0.00	
-6.41	-0.03	0.14	-6.41	-0.02	0.14	-0.00	-0.00	-1.52	0.00	0.00	0.00	0.00	
-6.41	-0.04	0.14	-6.41	-0.03	0.14	-0.00	0.00	-1.53	0.00	0.00	0.00	0.00	
-6.41	-0.04	0.14	-6.41	-0.04	0.14	-0.00	-0.00	-1.53	0.00	0.00	0.00	0.00	
-6.41	-0.05	0.14	-6.41	-0.04	0.14	-0.00	-0.00	-1.54	0.00	0.00	0.00	0.00	
-6.41	-0.06	0.14	-6.41	-0.05	0.14	-0.00	0.00	-1.54	0.00	0.00	0.00	0.00	
-6.41	-0.06	0.14	-6.41	-0.06	0.14	-0.00	0.00	-1.55	0.00	0.00	0.00	0.00	
-6.41	-0.07	0.14	-6.41	-0.06	0.14	-0.00	0.00	-1.55	0.00	0.00	0.00	0.00	
-6.41	-0.08	0.14	-6.41	-0.07	0.14	-0.00	0.00	-1.55	0.00	0.00	0.00	0.00	
-6.41	-0.09	0.14	-6.41	-0.08	0.14	-0.00	0.00	-1.56	0.00	0.00	0.00	0.00	
-6.41	-0.09	0.14	-6.41	-0.09	0.14	-0.00	0.00	-1.56	0.00	0.00	0.00	0.00	
-6.41	-0.10	0.14	-6.41	-0.09	0.14	-0.00	0.00	-1.57	0.00	0.00	0.00	0.00	
-6.41	-0.11	0.14	-6.41	-0.10	0.14	-0.00	0.00	-1.57	0.00	0.00	0.00	0.00	
-6.41	-0.11	0.14	-6.41	-0.11	0.14	-0.00	0.00	-1.58	0.00	0.00	0.00	0.00	
-6.41	-0.12	0.14	-6.41	-0.11	0.14	-0.00	0.00	-1.58	0.00	0.00	0.00	0.00	
-6.41	-0.13	0.14	-6.41	-0.12	0.14	-0.00	0.00	-1.57	0.00	0.00	0.00	0.00	
-6.41	-0.13	0.14	-6.41	-0.13	0.14	-0.00	0.00	-1.57	0.00	0.00	0.00	0.00	
-6.41	-0.14	0.14	-6.41	-0.13	0.14	-0.00	-0.00	-1.56	0.00	0.00	0.00	0.00	
-6.41	-0.15	0.14	-6.41	-0.14	0.14	-0.00	0.00	-1.56	0.00	0.00	0.00	0.00	
-6.41	-0.15	0.14	-6.41	-0.15	0.14	-0.00	0.00	-1.57	0.00	0.00	0.00	0.00	
-6.41	-0.16	0.14	-6.41	-0.15	0.14	-0.00	0.00	-1.57	0.00	0.00	0.00	0.00	
-6.41	-0.17	0.14	-6.41	-0.16	0.14	-0.00	0.00	-1.58	0.00	0.00	0.00	0.00	
-6.41	-0.17	0.14	-6.41	-0.17	0.14	-0.00	0.00	-1.58	0.00	0.00	0.00	0.00	
-6.41	-0.18	0.14	-6.41	-0.17	0.14	-0.00	0.00	-1.57	0.00	0.00	0.00	0.00	
-6.41	-0.19	0.14	-6.41	-0.18	0.14	-0.00	0.00	-1.57	0.00	0.00	0.00	0.00	
-6.41	-0.20	0.14	-6.41	-0.19	0.14	-0.00	0.00	-1.56	0.00	0.00	0.00	0.00	
-6.41	-0.20	0.14	-6.41	-0.20	0.14	-0.00	0.00	-1.56	0.00	0.00	0.00	0.00	
-6.41	-0.21	0.14	-6.41	-0.20	0.14	-0.00	0.00	-1.57	0.00	0.00	0.00	0.00	
-6.41	-0.22	0.14	-6.41	-0.21	0.14	-0.00	0.00	-1.57	0.00	0.00	0.00	0.00	
-6.41	-0.22	0.14	-6.41	-0.22	0.14	-0.00	0.00	-1.58	0.00	0.00	0.00	0.00	
-6.41	-0.23	0.14	-6.41	-0.22	0.14	-0.00	0.00	-1.58	0.00	0.00	0.00	0.00	
-6.41	-0.24	0.14	-6.41	-0.23	0.14	-0.00	0.00	-1.57	0.00	0.00	0.00	0.00	
-6.41	-0.24	0.14	-6.41	-0.24	0.14	-0.00	0.00	-1.57	0.00	0.00	0.00	0.00	
-6.41	-0.25	0.14	-6.41	-0.24	0.14	-0.00	0.00	-1.56	0.00	0.00	0.00	0.00	
-6.41	-0.26	0.14	-6.41	-0.25	0.14	-0.00	0.00	-1.56	0.00	0.00	0.00	0.00	
-6.41	-0.26	0.14	-6.41	-0.26	0.14	-0.00	0.00	-1.57	0.00	0.00	0.00	0.00	
-6.41	-0.27	0.14	-6.41	-0.26	0.14	-0.00	0.00	-1.57	0.00	0.00	0.00	0.00	
-6.41	-0.28	0.14	-6.41	-0.27	0.14	-0.00	0.00	-1.58	0.00	0.00	0.00	0.00	
-6.41	-0.28	0.14	-6.41	-0.28	0.14	-0.00	0.00	-1.58	0.00	0.00	0.00	0.00	
-6.41	-0.29	0.14	-6.41	-0.28	0.14	-0.00	0.00	-1.57	0.00	0.00	0.00	0.00	
-6.41	-0.30	0.14	-6.41	-0.29	0.14	-0.00	0.00	-1.57	0.00	0.00	0.00	0.00	
-6.41	-0.31	0.14	-6.41	-0.30	0.14	-0.00	0.00	-1.56	0.00	0.00	0.00	0.00	
-6.41	-0.31	0.14	-6.41	-0.31	0.14	-0.00	0.00	-1.56	0.00	0.00	0.00	0.00	
-6.41	-0.32	0.14	-6.41	-0.31	0.14	-0.00	0.00	-1.57	0.00	0.00	0.00	0.00	
-6.41	-0.33	0.14	-6.41	-0.32	0.14	-0.00	0.00	-1.57	0.00	0.00	0.00	0.00	
-6.41	-0.33	0.14	-6.41	-0.33	0.14	-0.00	0.00	-1.58	0.00	0.00	0.00	0.00	
-6.41	-0.34	0.14	-6.41	-0.33	0.14	-0.00	0.00	-1.58	0.00	0.00	0.00	0.00	
-6.41	-0.35	0.14	-6.41	-0.34	0.14	-0.00	0.00	-1.58	0.00	0.00	0.00	0.00	
-6.41	-0.35	0.14	-6.41	-0.35	0.14	-0.00	0.00	-1.58	0.00	0.00	0.00	0.00	
-6.41	-0.36	0.14	-6.41	-0.35	0.14	-0.00	0.00	-1.57	0.00	0.00	0.00	0.00	
-6.41	-0.37	0.14	-6.41	-0.36	0.14	-0.00	0.00	-1.57	0.00	0.00	0.00	0.00	
-6.41	-0.37	0.14	-6.41	-0.37	0.14	-0.00	0.00	-1.56	0.00	0.00	0.00	0.00	
-6.41	-0.38	0.14	-6.41	-0.37	0.14	-0.00	0.00	-1.56	0.00	0.00	0.00	0.00	
-6.41	-0.39	0.14	-6.41	-0.38	0.14	-0.00	0.00	-1.57	0.00	0.00	0.00	0.00	
-6.41	-0.39	0.14	-6.41	-0.39	0.14	-0.00	0.00	-1.57	0.00	0.00	0.00	0.00	
-6.41	-0.40	0.14	-6.41	-0.39	0.14	-0.00	0.00	-1.57	0.00	0.00	0.00	0.00	
-6.41	-0.41	0.14	-6.41	-0.40	0.14	-0.00	0.00	-1.58	0.00	0.00	0.00	0.00	
-6.41	-0.42	0.14	-6.41	-0.41	0.14	-0.00	0.00	-1.58	0.00	0.00	0.00	0.00	
-6.41	-0.42	0.14	-6.41	-0.42	0.14	-0.00	0.00	-1.58	0.00	0.00	0.00	0.00	
-6.41	-0.43	0.14	-6.41	-0.42	0.14	-0.00	0.00	-1.57	0.00	0.00	0.00	0.00	
-6.41	-0.44	0.14	-6.41	-0.43	0.14	-0.00	0.00	-1.57	0.00	0.00	0.00	0.00	
-6.41	-0.44	0.14	-6.41	-0.44	0.14	-0.00	0.00	-1.56	0.00	0.00	0.00	0.00	
-6.41	-0.45	0.14	-6.41	-0.44	0.14	-0.00	0.00	-1.56	0.00	0.00	0.00	0.00	
-6.41	-0.46	0.14	-6.41	-0.45	0.14	-0.00	0.00	-1.57	0.00	0.00	0.00	0.00	
-6.41	-0.46	0.14	-6.41	-0.46	0.14	-0.00	0.00	-1.57	0.00	0.00	0.00	0.00	
-6.41	-0.47	0.14	-6.41	-0.46	0.14	-0.00	0.00	-1.58	0.00	0.00	0.00	0.00	
-6.41	-0.48	0.14	-6.41	-0.47	0.14	-0.00	0.00	-1.58	0.00	0.00	0.00	0.00	
-6.41	-0.48	0.14	-6.41	-0.48	0.14	-0.00	0.00	-1.57	0.00	0.00	0.00	0.00	
-6.41	-0.49	0.14	-6.41	-0.48	0.14	-0.00	0.00	-1.57	0.00	0.00	0.00	0.00	
-6.41	-0.50	0.14	-6.41	-0.49	0.14	-0.00	-0.00	-1.56	0.00	0.00	0.00	0.00	
-6.41	-0.50	0.14	-6.41	-0.50	0.14	-0.00	0.00	-1.56	0.00	0.00	0.00	0.00	
-6.41	-0.50	0.14	-6.41	-0.50	0.14	-0.00	-0.00	-1.48	0.00	0.00	0.00	0.00	
-6.41	-0.50	0.14	-6.41	-0.50	0.14	-0.00	-0.00	-1.45	0.00	0.00	0.00	0.00	
-6.42	-0.50	0.14	-6.41	-0.50	0.14	-0.00	-0.00	-1.42	0.00	0.00	0.00	0.00	
-6.42	-0.51	0.14	-6.42	-0.50	0.14	-0.00	-0.00	-1.38	0.00	0.00	0.00	0.00	
-6.42	-0.51	0.14	-6.42	-0.51	0.14	-0.00	-0.00	-1.35	0.00	0.00	0.00	0.00	
-6.42	-0.51	0.14	-6.42	-0.51	0.14	-0.00	-0.00	-1.32	0.00	0.00	0.00	0.00	
-6.42	-0.51	0.14	-6.42	-0.51	0.14	-0.00	-0.00	-1.29	0.00	0.00	0.00	0.00	
-6.42	-0.51	0.14	-6.42	-0.51	0.14	-0.00	-0.00	-1.25	0.00	0.00	0.00	0.00	
-6.42	-0.52	0.14	-6.42	-0.51	0.14	-0.00	-0.00	-1.22	0.00	0.00	0.00	0.00	
-6.42	-0.52	0.14	-6.42	-0.52	0.14	-0.00	-0.00	-1.19	0.00	0.00	0.00	0.00	
-6.42	-0.52	0.14	-6.42	-0.52	0.14	-0.00	-0.00	-1.15	0.00	0.00	0.00	0.00	
-6.42	-0.52	0.14	-6.42	-0.52	0.14	-0.00	-0.00	-1.12	0.00	0.00	0.00	0.00	
-6.42	-0.52	0.14	-6.42	-0.52	0.14	-0.00	-0.00	-1.08	0.00	0.00	0.00	0.00	
-6.43	-0.53	0.14	-6.42	-0.52	0.14	-0.00	-0.00	-1.05	0.00	0.00	0.00	0.00	
-6.43	-0.53	0.14	-6.43	-0.53	0.14	-0.00	-0.00	-1.02	0.00	0.00	0.00	0.00	
-6.43	-0.53	0.14	-6.43	-0.53	0.14	-0.00	-0.00	-0.98	0.00	0.00	0.00	0.00	
-6.43	-0.53	0.14	-6.43	-0.53	0.14	-0.00	-0.00	-0.95	0.00	0.00	0.00	0.00	
-6.43	-0.53	0.14	-6.43	-0.53	0.14	-0.00	-0.00	-0.91	0.00	0.00	0.00	0.00	
-6.43	-0.54	0.14	-6.43	-0.53	0.14	-0.00	-0.00	-0.88	0.00	0.00	0.00	0.00	
-6.43	-0.54	0.14	-6.43	-0.54	0.14	-0.00	-0.00	-0.84	0.00	0.00	0.00	0.00	
-6.43	-0.54	0.14	-6.43	-0.54	0.14	-0.00	-0.00	-0.81	0.00	0.00	0.00	0.00	
-6.43	-0.54	0.14	-6.43	-0.54	0.14	-0.00	-0.00	-0.78	0.00	0.00	0.00	0.00	
-6.43	-0.55	0.14	-6.43	-0.54	0.14	-0.00	-0.00	-0.74	0.00	0.00	0.00	0.00	
-6.43	-0.55	0.14	-6.43	-0.55	0.14	-0.00	-0.00	-0.71	0.00	0.00	0.00	0.00	
-6.43	-0.55	0.14	-6.43	-0.55	0.14	-0.00	-0.00	-0.68	0.00	0.00	0.00	0.00	
-6.43	-0.55	0.14	-6.43	-0.55	0.14	-0.00	-0.00	-0.64	0.00	0.00	0.00	0.00	
-6.43	-0.55	0.14	-6.43	-0.55	0.14	-0.00	-0.00	-0.61	0.00	0.00	0.00	0.00	
-6.43	-0.56	0.14	-6.43	-0.55	0.14	-0.00	-0.00	-0.58	0.00	0.00	0.00	0.00	
-6.42	-0.56	0.14	-6.43	-0.56	0.14	-0.00	-0.00	-0.54	0.00	0.00	0.00	0.00	
-6.42	-0.56	0.14	-6.42	-0.56	0.14	-0.00	-0.00	-0.51	0.00	0.00	0.00	0.00	
-6.42	-0.56	0.14	-6.42	-0.56	0.14	-0.00	-0.00	-0.47	0.00	0.00	0.00	0.00	
-6.42	-0.57	0.14	-6.42	-0.56	0.14	-0.00	-0.00	-0.44	0.00	0.00	0.00	0.00	
-6.42	-0.57	0.14	-6.42	-0.57	0.14	-0.00	-0.00	-0.40	0.00	0.00	0.00	0.00	
-6.42	-0.57	0.14	-6.42	-0.57	0.14	-0.00	-0.00	-0.37	0.00	0.00	0.00	0.00	
-6.42	-0.57	0.14	-6.42	-0.57	0.14	-0.00	-0.00	-0.34	0.00	0.00	0.00	0.00	
-6.42	-0.57	0.14	-6.42	-0.57	0.14	-0.00	-0.00	-0.30	0.00	0.00	0.00	0.00	
-6.42	-0.58	0.14	-6.42	-0.57	0.14	-0.00	-0.00	-0.27	0.00	0.00	0.00	0.00	
-6.41	-0.58	0.14	-6.42	-0.58	0.14	-0.00	-0.00	-0.24	0.00	0.00	0.00	0.00	
-6.41	-0.58	0.14	-6.41	-0.58	0.14	-0.00	-0.00	-0.22	0.00	0.00	0.00	0.00	
-6.41	-0.58	0.14	-6.41	-0.58	0.14	-0.00	-0.00	-0.21	0.00	0.00	0.00	0.00	
-6.40	-0.58	0.14	-6.41	-0.58	0.14	-0.00	-0.00	-0.19	0.00	0.00	0.00	0.00	
-6.39	-0.58	0.14	-6.40	-0.58	0.14	-0.00	-0.00	-0.19	0.00	0.00	0.00	0.00	
-6.39	-0.59	0.14	-6.39	-0.58	0.14	-0.00	-0.00	-0.19	0.00	0.00	0.00	0.00	
-6.38	-0.59	0.14	-6.39	-0.59	0.14	-0.00	-0.00	-0.18	0.00	0.00	0.00	0.00	
-6.37	-0.59	0.14	-6.38	-0.59	0.14	-0.00	-0.00	-0.18	0.00	0.00	0.00	0.00	
-6.37	-0.59	0.14	-6.37	-0.59	0.14	-0.00	-0.00	-0.17	0.00	0.00	0.00	0.00	
-6.36	-0.59	0.14	-6.37	-0.59	0.14	-0.00	-0.00	-0.17	0.00	0.00	0.00	0.00	
-6.35	-0.59	0.14	-6.36	-0.59	0.14	-0.00	-0.00	-0.16	0.00	0.00	0.00	0.00	
-6.35	-0.59	0.14	-6.35	-0.59	0.14	-0.00	-0.00	-0.16	0.00	0.00	0.00	0.00	
-6.34	-0.59	0.14	-6.35	-0.59	0.14	-0.00	-0.00	-0.16	0.00	0.00	0.00	0.00	
-6.33	-0.60	0.14	-6.34	-0.59	0.14	-0.00	-0.00	-0.15	0.00	0.00	0.00	0.00	
-6.32	-0.60	0.14	-6.33	-0.60	0.14	-0.00	-0.00	-0.15	0.00	0.00	0.00	0.00	
-6.32	-0.60	0.14	-6.32	-0.60	0.14	-0.00	-0.00	-0.14	0.00	0.00	0.00	0.00	
-6.31	-0.60	0.14	-6.32	-0.60	0.14	-0.00	-0.00	-0.14	0.00	0.00	0.00	0.00	
-6.30	-0.60	0.14	-6.31	-0.60	0.14	-0.00	-0.00	-0.13	0.00	0.00	0.00	0.00	
-6.30	-0.60	0.14	-6.30	-0.60	0.14	-0.00	-0.00	-0.13	0.00	0.00	0.00	0.00	
-6.29	-0.60	0.14	-6.30	-0.60	0.14	-0.00	-0.00	-0.13	0.00	0.00	0.00	0.00	
-6.28	-0.60	0.14	-6.29	-0.60	0.14	-0.00	-0.00	-0.12	0.00	0.00	0.00	0.00	
-6.28	-0.61	0.14	-6.28	-0.60	0.14	-0.00	-0.00	-0.12	0.00	0.00	0.00	0.00	
-6.27	-0.61	0.14	-6.28	-0.61	0.14	-0.00	-0.00	-0.11	0.00	0.00	0.00	0.00	
-6.26	-0.61	0.14	-6.27	-0.61	0.14	-0.00	-0.00	-0.11	0.00	0.00	0.00	0.00	
-6.26	-0.61	0.14	-6.26	-0.61	0.14	-0.00	-0.00	-0.11	0.00	0.00	0.00	0.00	
-6.25	-0.61	0.14	-6.26	-0.61	0.14	-0.00	-0.00	-0.10	0.00	0.00	0.00	0.00	
-6.24	-0.61	0.14	-6.25	-0.61	0.14	-0.00	-0.00	-0.10	0.00	0.00	0.00	0.00	
-6.23	-0.61	0.14	-6.24	-0.61	0.14	-0.00	-0.00	-0.09	0.00	0.00	0.00	0.00	
-6.23	-0.61	0.14	-6.23	-0.61	0.14	-0.00	-0.00	-0.09	0.00	0.00	0.00	0.00	
-6.22	-0.61	0.14	-6.23	-0.61	0.14	-0.00	-0.00	-0.08	0.00	0.00	0.00	0.00	
-6.21	-0.61	0.14	-6.22	-0.61	0.14	-0.00	-0.00	-0.08	0.00	0.00	0.00	0.00	
-6.21	-0.61	0.14	-6.21	-0.61	0.14	-0.00	-0.00	-0.07	0.00	0.00	0.00	0.00	
-6.20	-0.61	0.14	-6.21	-0.61	0.14	-0.00	-0.00	-0.07	0.00	0.00	0.00	0.00	
-6.19	-0.61	0.14	-6.20	-0.61	0.14	-0.00	-0.00	-0.07	0.00	0.00	0.00	0.00	
-6.19	-0.62	0.14	-6.19	-0.61	0.14	-0.00	-0.00	-0.06	0.00	0.00	0.00	0.00	
-6.18	-0.62	0.14	-6.19	-0.62	0.14	-0.00	-0.00	-0.06	0.00	0.00	0.00	0.00	
-6.17	-0.62	0.14	-6.18	-0.62	0.14	-0.00	-0.00	-0.05	0.00	0.00	0.00	0.00	
-6.17	-0.62	0.14	-6.17	-0.62	0.14	-0.00	-0.00	-0.05	0.00	0.00	0.00	0.00	
-6.16	-0.62	0.14	-6.17	-0.62	0.14	-0.00	-0.00	-0.04	0.00	0.00	0.00	0.00	
-6.15	-0.62	0.14	-6.16	-0.62	0.14	-0.00	-0.00	-0.04	0.00	0.00	0.00	0.00	
-6.15	-0.62	0.14	-6.15	-0.62	0.14	-0.00	-0.00	-0.04	0.00	0.00	0.00	0.00	
-6.14	-0.62	0.14	-6.15	-0.62	0.14	-0.00	-0.00	-0.03	0.00	0.00	0.00	0.00	
-6.13	-0.62	0.14	-6.14	-0.62	0.14	-0.00	-0.00	-0.03	0.00	0.00	0.00	0.00	
-6.12	-0.62	0.14	-6.13	-0.62	0.14	-0.00	-0.00	-0.02	0.00	0.00	0.00	0.00	
-6.12	-0.62	0.14	-6.12	-0.62	0.14	-0.00	-0.00	-0.02	0.00	0.00	0.00	0.00	
-6.11	-0.62	0.14	-6.12	-0.62	0.14	-0.00	-0.00	-0.01	0.00	0.00	0.00	0.00	
-6.10	-0.62	0.14	-6.11	-0.62	0.14	-0.00	-0.00	-0.01	0.00	0.00	0.00	0.00	
-6.10	-0.62	0.14	-6.10	-0.62	0.14	-0.00	-0.00	-0.00	0.00	0.00	0.00	0.00	
-6.09	-0.62	0.14	-6.10	-0.62	0.14	-0.00	-0.00	-0.00	0.00	0.00	0.00	0.00	
-6.08	-0.62	0.14	-6.09	-0.62	0.14	-0.00	-0.00	0.00	0.00	0.00	0.00	0.00	
-6.08	-0.62	0.14	-6.08	-0.62	0.14	-0.00	-0.00	0.01	0.00	0.00	0.00	0.00	
-6.07	-0.62	0.14	-6.08	-0.62	0.14	-0.00	-0.00	0.01	0.00	0.00	0.00	0.00	
-6.06	-0.62	0.14	-6.07	-0.62	0.14	-0.00	-0.00	0.01	0.00	0.00	0.00	0.00	
-6.06	-0.62	0.14	-6.06	-0.62	0.14	-0.00	-0.00	0.00	0.00	0.00	0.00	0.00	
-6.05	-0.62	0.14	-6.06	-0.62	0.14	-0.00	-0.00	-0.00	0.00	0.00	0.00	0.00	
-6.04	-0.62	0.14	-6.05	-0.62	0.14	-0.00	-0.00	-0.01	0.00	0.00	0.00	0.00	
-6.03	-0.62	0.14	-6.04	-0.62	0.14	-0.00	-0.00	-0.01	0.00	0.00	0.00	0.00	
-6.03	-0.62	0.14	-6.03	-0.62	0.14	-0.00	-0.00	-0.01	0.00	0.00	0.00	0.00	
-6.02	-0.62	0.14	-6.03	-0.62	0.14	-0.00	-0.00	-0.00	0.00	0.00	0.00	0.00	
-6.01	-0.62	0.14	-6.02	-0.62	0.14	-0.00	-0.00	0.00	0.00	0.00	0.00	0.00	
-6.01	-0.62	0.14	-6.01	-0.62	0.14	-0.00	-0.00	0.01	0.00	0.00	0.00	0.00	
-6.00	-0.62	0.14	-6.01	-0.62	0.14	-0.00	-0.00	0.01	0.00	0.00	0.00	0.00	
-5.99	-0.62	0.14	-6.00	-0.62	0.14	-0.00	-0.00	0.01	0.00	0.00	0.00	0.00	
-5.99	-0.62	0.14	-5.99	-0.62	0.14	-0.00	-0.00	0.00	0.00	0.00	0.00	0.00	
-5.98	-0.62	0.14	-5.99	-0.62	0.14	-0.00	-0.00	-0.00	0.00	0.00	0.00	0.00	
-5.97	-0.62	0.14	-5.98	-0.62	0.14	-0.00	-0.00	-0.01	0.00	0.00	0.00	0.00	
-5.97	-0.62	0.14	-5.97	-0.62	0.14	-0.00	-0.00	-0.01	0.00	0.00	0.00	0.00	
-5.96	-0.62	0.14	-5.97	-0.62	0.14	-0.00	-0.00	-0.01	0.00	0.00	0.00	0.00	
-5.95	-0.62	0.14	-5.96	-0.62	0.14	-0.00	-0.00	-0.00	0.00	0.00	0.00	0.00	
-5.95	-0.62	0.14	-5.95	-0.62	0.14	-0.00	-0.00	0.00	0.00	0.00	0.00	0.00	
-5.94	-0.62	0.14	-5.95	-0.62	0.14	-0.00	-0.00	0.01	0.00	0.00	0.00	0.00	
-5.93	-0.62	0.14	-5.94	-0.62	0.14	-0.00	-0.00	0.01	0.00	0.00	0.00	0.00	
-5.92	-0.62	0.14	-5.93	-0.62	0.14	-0.00	-0.00	0.01	0.00	0.00	0.00	0.00	
-5.92	-0.62	0.14	-5.92	-0.62	0.14	-0.00	-0.00	0.00	0.00	0.00	0.00	0.00	
-5.91	-0.62	0.14	-5.92	-0.62	0.14	-0.00	-0.00	-0.00	0.00	0.00	0.00	0.00	
-5.90	-0.62	0.14	-5.91	-0.62	0.14	-0.00	-0.00	-0.01	0.00	0.00	0.00	0.00	
-5.90	-0.62	0.14	-5.90	-0.62	0.14	-0.00	-0.00	-0.01	0.00	0.00	0.00	0.00	
-5.89	-0.62	0.14	-5.90	-0.62	0.14	-0.00	-0.00	-0.00	0.00	0.00	0.00	0.00	
-5.88	-0.62	0.14	-5.89	-0.62	0.14	-0.00	-0.00	-0.00	0.00	0.00	0.00	0.00	
-5.88	-0.62	0.14	-5.88	-0.62	0.14	-0.00	-0.00	0.00	0.00	0.00	0.00	0.00	
-5.87	-0.62	0.14	-5.88	-0.62	0.14	-0.00	-0.00	0.01	0.00	0.00	0.00	0.00	
-5.86	-0.62	0.14	-5.87	-0.62	0.14	-0.00	-0.00	0.01	0.00	0.00	0.00	0.00	
-5.86	-0.62	0.14	-5.86	-0.62	0.14	-0.00	-0.00	0.01	0.00	0.00	0.00	0.00	
-5.85	-0.62	0.14	-5.86	-0.62	0.14	-0.00	-0.00	0.00	0.00	0.00	0.00	0.00	
-5.84	-0.62	0.14	-5.85	-0.62	0.14	-0.00	-0.00	-0.00	0.00	0.00	0.00	0.00	
-5.84	-0.62	0.14	-5.84	-0.62	0.14	-0.00	-0.00	-0.01	0.00	0.00	0.00	0.00	
-5.83	-0.62	0.14	-5.84	-0.62	0.14	-0.00	-0.00	-0.01	0.00	0.00	0.00	0.00	
-5.82	-0.62	0.14	-5.83	-0.62	0.14	-0.00	-0.00	-0.01	0.00	0.00	0.00	0.00	
-5.81	-0.62	0.14	-5.82	-0.62	0.14	-0.00	-0.00	-0.00	0.00	0.00	0.00	0.00	
-5.81	-0.62	0.14	-5.81	-0.62	0.14	-0.00	-0.00	0.00	0.00	0.00	0.00	0.00	
-5.80	-0.62	0.14	-5.81	-0.62	0.14	-0.00	-0.00	0.01	0.00	0.00	0.00	0.00	
-5.79	-0.62	0.14	-5.80	-0.62	0.14	-0.00	-0.00	0.01	0.00	0.00	0.00	0.00	
-5.79	-0.62	0.14	-5.79	-0.62	0.14	-0.00	-0.00	0.01	0.00	0.00	0.00	0.00	
-5.78	-0.62	0.14	-5.79	-0.62	0.14	-0.00	-0.00	0.00	0.00	0.00	0.00	0.00	
-5.77	-0.62	0.14	-5.78	-0.62	0.14	-0.00	-0.00	-0.00	0.00	0.00	0.00	0.00	
-5.77	-0.62	0.14	-5.77	-0.62	0.14	-0.00	-0.00	-0.01	0.00	0.00	0.00	0.00	
-5.76	-0.62	0.14	-5.77	-0.62	0.14	-0.00	-0.00	-0.01	0.00	0.00	0.00	0.00	
-5.75	-0.62	0.14	-5.76	-0.62	0.14	-0.00	-0.00	-0.00	0.00	0.00	0.00	0.00	
-5.75	-0.62	0.14	-5.75	-0.62	0.14	-0.00	-0.00	-0.00	0.00	0.00	0.00	0.00	
-5.74	-0.62	0.14	-5.75	-0.62	0.14	-0.00	-0.00	0.00	0.00	0.00	0.00	0.00	
-5.73	-0.62	0.14	-5.74	-0.62	0.14	-0.00	-0.00	0.01	0.00	0.00	0.00	0.00	
-5.73	-0.62	0.14	-5.73	-0.62	0.14	-0.00	-0.00	0.01	0.00	0.00	0.00	0.00	
-5.72	-0.62	0.14	-5.73	-0.62	0.14	-0.00	-0.00	0.01	0.00	0.00	0.00	0.00	
-5.71	-0.62	0.14	-5.72	-0.62	0.14	-0.00	-0.00	0.00	0.00	0.00	0.00	0.00	
-5.70	-0.62	0.14	-5.71	-0.62	0.14	-0.00	-0.00	-0.00	0.00	0.00	0.00	0.00	
-5.70	-0.62	0.14	-5.70	-0.62	0.14	-0.00	-0.00	-0.01	0.00	0.00	0.00	0.00	
-5.69	-0.62	0.14	-5.70	-0.62	0.14	-0.00	-0.00	-0.01	0.00	0.00	0.00	0.00	
-5.68	-0.62	0.14	-5.69	-0.62	0.14	-0.00	-0.00	-0.00	0.00	0.00	0.00	0.00	
-5.68	-0.62	0.14	-5.68	-0.62	0.14	-0.00	-0.00	-0.00	0.00	0.00	0.00	0.00	
-5.67	-0.62	0.14	-5.68	-0.62	0.14	-0.00	-0.00	0.00	0.00	0.00	0.00	0.00	
-5.66	-0.62	0.14	-5.67	-0.62	0.14	-0.00	-0.00	0.01	0.00	0.00	0.00	0.00	
-5.66	-0.62	0.14	-5.66	-0.62	0.14	-0.00	-0.00	0.01	0.00	0.00	0.00	0.00	
-5.65	-0.62	0.14	-5.66	-0.62	0.14	-0.00	-0.00	0.01	0.00	0.00	0.00	0.00	
-5.64	-0.62	0.14	-5.65	-0.62	0.14	-0.00	-0.00	0.00	0.00	0.00	0.00	0.00	
-5.64	-0.62	0.14	-5.64	-0.62	0.14	-0.00	-0.00	-0.00	0.00	0.00	0.00	0.00	
-5.63	-0.62	0.14	-5.64	-0.62	0.14	-0.00	-0.00	-0.01	0.00	0.00	0.00	0.00	
-5.62	-0.62	0.14	-5.63	-0.62	0.14	-0.00	-0.00	-0.01	0.00	0.00	0.00	0.00	
-5.62	-0.62	0.14	-5.62	-0.62	0.14	-0.00	-0.00	-0.01	0.00	0.00	0.00	0.00	
-5.61	-0.62	0.14	-5.62	-0.62	0.14	-0.00	-0.00	-0.00	0.00	0.00	0.00	0.00	
-5.60	-0.62	0.14	-5.61	-0.62	0.14	-0.00	-0.00	0.00	0.00	0.00	0.00	0.00	
-5.59	-0.62	0.14	-5.60	-0.62	0.14	-0.00	-0.00	0.01	0.00	0.00	0.00	0.00	
-5.59	-0.62	0.14	-5.59	-0.62	0.14	-0.00	-0.00	0.01	0.00	0.00	0.00	0.00	
-5.58	-0.62	0.14	-5.59	-0.62	0.14	-0.00	-0.00	0.01	0.00	0.00	0.00	0.00	
-5.57	-0.62	0.14	-5.58	-0.62	0.14	-0.00	-0.00	0.00	0.00	0.00	0.00	0.00	
-5.57	-0.62	0.14	-5.57	-0.62	0.14	-0.00	-0.00	-0.00	0.00	0.00	0.00	0.00	
-5.56	-0.62	0.14	-5.57	-0.62	0.14	-0.00	-0.00	-0.01	0.00	0.00	0.00	0.00	
-5.55	-0.62	0.14	-5.56	-0.62	0.14	-0.00	-0.00	-0.01	0.00	0.00	0.00	0.00	
-5.55	-0.62	0.14	-5.55	-0.62	0.14	-0.00	-0.00	-0.01	0.00	0.00	0.00	0.00	
-5.54	-0.62	0.14	-5.55	-0.62	0.14	-0.00	-0.00	-0.00	0.00	0.00	0.00	0.00	
-5.53	-0.62	0.14	-5.54	-0.62	0.14	-0.00	-0.00	0.00	0.00	0.00	0.00	0.00	
-5.53	-0.62	0.14	-5.53	-0.62	0.14	-0.00	-0.00	0.01	0.00	0.00	0.00	0.00	
-5.52	-0.62	0.14	-5.53	-0.62	0.14	-0.00	-0.00	0.01	0.00	0.00	0.00	0.00	
-5.51	-0.62	0.14	-5.52	-0.62	0.14	-0.00	-0.00	0.00	0.00	0.00	0.00	0.00	
-5.51	-0.62	0.14	-5.51	-0.62	0.14	-0.00	-0.00	0.00	0.00	0.00	0.00	0.00	
-5.50	-0.62	0.14	-5.51	-0.62	0.14	-0.00	-0.00	-0.00	0.00	0.00	0.00	0.00	
-5.49	-0.62	0.14	-5.50	-0.62	0.14	-0.00	-0.00	-0.01	0.00	0.00	0.00	0.00	
-5.48	-0.62	0.14	-5.49	-0.62	0.14	-0.00	-0.00	-0.01	0.00	0.00	0.00	0.00	
-5.48	-0.62	0.14	-5.48	-0.62	0.14	-0.00	-0.00	-0.01	0.00	0.00	0.00	0.00	
-5.47	-0.62	0.14	-5.48	-0.62	0.14	-0.00	-0.00	-0.00	0.00	0.00	0.00	0.00	
-5.46	-0.62	0.14	-5.47	-0.62	0.14	-0.00	-0.00	0.00	0.00	0.00	0.00	0.00	
-5.46	-0.62	0.14	-5.46	-0.62	0.14	-0.00	-0.00	0.01	0.00	0.00	0.00	0.00	
-5.45	-0.62	0.14	-5.46	-0.62	0.14	-0.00	-0.00	0.01	0.00	0.00	0.00	0.00	
-5.44	-0.62	0.14	-5.45	-0.62	0.14	-0.00	-0.00	0.00	0.00	0.00	0.00	0.00	
-5.44	-0.62	0.14	-5.44	-0.62	0.14	-0.00	-0.00	-0.00	0.00	0.00	0.00	0.00	
-5.43	-0.62	0.14	-5.44	-0.62	0.14	-0.00	-0.00	-0.00	0.00	0.00	0.00	0.00	
-5.42	-0.62	0.14	-5.43	-0.62	0.14	-0.00	-0.00	-0.01	0.00	0.00	0.00	0.00	
-5.42	-0.62	0.14	-5.42	-0.62	0.14	-0.00	-0.00	-0.00	0.00	0.00	0.00	0.00	
-5.41	-0.62	0.14	-5.42	-0.62	0.14	-0.00	-0.00	0.00	0.00	0.00	0.00	0.00	
-5.40	-0.62	0.14	-5.41	-0.62	0.14	-0.00	-0.00	0.01	0.00	0.00	0.00	0.00	
-5.40	-0.62	0.14	-5.40	-0.62	0.14	-0.00	-0.00	0.01	0.00	0.00	0.00	0.00	
-5.39	-0.62	0.14	-5.40	-0.62	0.14	-0.00	-0.00	0.00	0.00	0.00	0.00	0.00	
-5.38	-0.62	0.14	-5.39	-0.62	0.14	-0.00	-0.00	-0.00	0.00	0.00	0.00	0.00	
-5.37	-0.62	0.14	-5.38	-0.62	0.14	-0.00	-0.00	-0.00	0.00	0.00	0.00	0.00	
-5.37	-0.62	0.14	-5.37	-0.62	0.14	-0.00	-0.00	-0.01	0.00	0.00	0.00	0.00	
-5.36	-0.62	0.14	-5.37	-0.62	0.14	-0.00	-0.00	-0.00	0.00	0.00	0.00	0.00	
-5.35	-0.62	0.14	-5.36	-0.62	0.14	-0.00	-0.00	0.00	0.00	0.00	0.00	0.00	
-5.35	-0.62	0.14	-5.35	-0.62	0.14	-0.00	-0.00	0.01	0.00	0.00	0.00	0.00	
-5.34	-0.62	0.14	-5.35	-0.62	0.14	-0.00	-0.00	0.01	0.00	0.00	0.00	0.00	
-5.33	-0.62	0.14	-5.34	-0.62	0.14	-0.00	-0.00	0.00	0.00	0.00	0.00	0.00	
-5.33	-0.62	0.14	-5.33	-0.62	0.14	-0.00	-0.00	-0.00	0.00	0.00	0.00	0.00	
-5.32	-0.62	0.14	-5.33	-0.62	0.14	-0.00	-0.00	-0.00	0.00	0.00	0.00	0.00	
-5.31	-0.62	0.14	-5.32	-0.62	0.14	-0.00	-0.00	-0.01	0.00	0.00	0.00	0.00	
-5.31	-0.62	0.14	-5.31	-0.62	0.14	-0.00	-0.00	-0.00	0.00	0.00	0.00	0.00	
-5.30	-0.62	0.14	-5.31	-0.62	0.14	-0.00	-0.00	0.00	0.00	0.00	0.00	0.00	
-5.29	-0.62	0.14	-5.30	-0.62	0.14	-0.00	-0.00	0.01	0.00	0.00	0.00	0.00	
-5.29	-0.62	0.14	-5.29	-0.62	0.14	-0.00	-0.00	0.01	0.00	0.00	0.00	0.00	
-5.28	-0.62	0.14	-5.29	-0.62	0.14	-0.00	-0.00	0.00	0.00	0.00	0.00	0.00	
-5.27	-0.62	0.14	-5.28	-0.62	0.14	-0.00	-0.00	0.00	0.00	0.00	0.00	0.00	
-5.26	-0.62	0.14	-5.27	-0.62	0.14	-0.00	-0.00	-0.00	0.00	0.00	0.00	0.00	
-5.26	-0.62	0.14	-5.26	-0.62	0.14	-0.00	-0.00	-0.01	0.00	0.00	0.00	0.00	
-5.25	-0.62	0.14	-5.26	-0.62	0.14	-0.00	-0.00	-0.01	0.00	0.00	0.00	0.00	
-5.24	-0.62	0.14	-5.25	-0.62	0.14	-0.00	-0.00	-0.01	0.00	0.00	0.00	0.00	
-5.24	-0.62	0.14	-5.24	-0.62	0.14	-0.00	-0.00	-0.00	0.00	0.00	0.00	0.00	
-5.23	-0.62	0.14	-5.24	-0.62	0.14	-0.00	-0.00	0.00	0.00	0.00	0.00	0.00	
-5.22	-0.62	0.14	-5.23	-0.62	0.14	-0.00	-0.00	0.01	0.00	0.00	0.00	0.00	
-5.22	-0.62	0.14	-5.22	-0.62	0.14	-0.00	-0.00	0.01	0.00	0.00	0.00	0.00	
-5.21	-0.62	0.14	-5.22	-0.62	0.14	-0.00	-0.00	0.00	0.00	0.00	0.00	0.00	
-5.20	-0.62	0.14	-5.21	-0.62	0.14	-0.00	-0.00	-0.00	0.00	0.00	0.00	0.00	
-5.20	-0.62	0.14	-5.20	-0.62	0.14	-0.00	-0.00	-0.00	0.00	0.00	0.00	0.00	
-5.19	-0.62	0.14	-5.20	-0.62	0.14	-0.00	-0.00	-0.01	0.00	0.00	0.00	0.00	
-5.18	-0.62	0.14	-5.19	-0.62	0.14	-0.00	-0.00	-0.00	0.00	0.00	0.00	0.00	
-5.18	-0.62	0.14	-5.18	-0.62	0.14	-0.00	-0.00	0.00	0.00	0.00	0.00	0.00	
-5.17	-0.62	0.14	-5.18	-0.62	0.14	-0.00	-0.00	0.01	0.00	0.00	0.00	0.00	
-5.16	-0.62	0.14	-5.17	-0.62	0.14	-0.00	-0.00	0.01	0.00	0.00	0.00	0.00	
-5.15	-0.62	0.14	-5.16	-0.62	0.14	-0.00	-0.00	0.00	0.00	0.00	0.00	0.00	
-5.15	-0.62	0.14	-5.15	-0.62	0.14	-0.00	-0.00	-0.00	0.00	0.00	0.00	0.00	
-5.14	-0.62	0.14	-5.15	-0.62	0.14	-0.00	-0.00	-0.01	0.00	0.00	0.00	0.00	
-5.13	-0.62	0.14	-5.14	-0.62	0.14	-0.00	-0.00	-0.01	0.00	0.00	0.00	0.00	
-5.13	-0.62	0.14	-5.13	-0.62	0.14	-0.00	-0.00	-0.00	0.00	0.00	0.00	0.00	
-5.12	-0.62	0.14	-5.13	-0.62	0.14	-0.00	-0.00	0.00	0.00	0.00	0.00	0.00	
-5.11	-0.62	0.14	-5.12	-0.62	0.14	-0.00	-0.00	0.01	0.00	0.00	0.00	0.00	
-5.11	-0.62	0.14	-5.11	-0.62	0.14	-0.00	-0.00	0.01	0.00	0.00	0.00	0.00	
-5.10	-0.62	0.14	-5.11	-0.62	0.14	-0.00	-0.00	0.00	0.00	0.00	0.00	0.00	
-5.09	-0.62	0.14	-5.10	-0.62	0.14	-0.00	-0.00	-0.00	0.00	0.00	0.00	0.00	
-5.09	-0.62	0.14	-5.09	-0.62	0.14	-0.00	-0.00	-0.01	0.00	0.00	0.00	0.00	
-5.08	-0.62	0.14	-5.09	-0.62	0.14	-0.00	-0.00	-0.01	0.00	0.00	0.00	0.00	
-5.07	-0.62	0.14	-5.08	-0.62	0.14	-0.00	-0.00	-0.00	0.00	0.00	0.00	0.00	
-5.06	-0.62	0.14	-5.07	-0.62	0.14	-0.00	-0.00	0.00	0.00	0.00	0.00	0.00	
-5.06	-0.62	0.14	-5.06	-0.62	0.14	-0.00	-0.00	0.01	0.00	0.00	0.00	0.00	
-5.05	-0.62	0.14	-5.06	-0.62	0.14	-0.00	-0.00	0.01	0.00	0.00	0.00	0.00	
-5.04	-0.62	0.14	-5.05	-0.62	0.14	-0.00	-0.00	0.00	0.00	0.00	0.00	0.00	
-5.04	-0.62	0.14	-5.04	-0.62	0.14	-0.00	-0.00	-0.00	0.00	0.00	0.00	0.00	
-5.03	-0.62	0.14	-5.04	-0.62	0.14	-0.00	-0.00	-0.01	0.00	0.00	0.00	0.00	
-5.02	-0.62	0.14	-5.03	-0.62	0.14	-0.00	-0.00	-0.01	0.00	0.00	0.00	0.00	
-5.02	-0.62	0.14	-5.02	-0.62	0.14	-0.00	-0.00	-0.00	0.00	0.00	0.00	0.00	
-5.01	-0.62	0.14	-5.02	-0.62	0.14	-0.00	-0.00	0.00	0.00	0.00	0.00	0.00	
-5.00	-0.62	0.14	-5.01	-0.62	0.14	-0.00	-0.00	0.01	0.00	0.00	0.00	0.00	
-5.00	-0.62	0.14	-5.00	-0.62	0.14	-0.00	-0.00	0.01	0.00	0.00	0.00	0.00	
-4.99	-0.62	0.14	-5.00	-0.62	0.14	-0.00	-0.00	0.00	0.00	0.00	0.00	0.00	
-4.98	-0.62	0.14	-4.99	-0.62	0.14	-0.00	-0.00	-0.00	0.00	0.00	0.00	0.00	
-4.98	-0.62	0.14	-4.98	-0.62	0.14	-0.00	-0.00	-0.01	0.00	0.00	0.00	0.00	
-4.97	-0.62	0.14	-4.98	-0.62	0.14	-0.00	-0.00	-0.01	0.00	0.00	0.00	0.00	
-4.96	-0.62	0.14	-4.97	-0.62	0.14	-0.00	-0.00	-0.00	0.00	0.00	0.00	0.00	
-4.95	-0.62	0.14	-4.96	-0.62	0.14	-0.00	-0.00	0.00	0.00	0.00	0.00	0.00	
-4.95	-0.62	0.14	-4.95	-0.62	0.14	-0.00	-0.00	0.01	0.00	0.00	0.00	0.00	
-4.94	-0.62	0.14	-4.95	-0.62	0.14	-0.00	-0.00	0.01	0.00	0.00	0.00	0.00	
-4.93	-0.62	0.14	-4.94	-0.62	0.14	-0.00	-0.00	0.00	0.00	0.00	0.00	0.00	
-4.93	-0.62	0.14	-4.93	-0.62	0.14	-0.00	-0.00	-0.00	0.00	0.00	0.00	0.00	
-4.92	-0.62	0.14	-4.93	-0.62	0.14	-0.00	-0.00	-0.01	0.00	0.00	0.00	0.00	
-4.91	-0.62	0.14	-4.92	-0.62	0.14	-0.00	-0.00	-0.01	0.00	0.00	0.00	0.00	
-4.91	-0.62	0.14	-4.91	-0.62	0.14	-0.00	-0.00	-0.01	0.00	0.00	0.00	0.00	
-4.90	-0.62	0.14	-4.91	-0.62	0.14	-0.00	-0.00	-0.01	0.00	0.00	0.00	0.00	
-4.89	-0.62	0.14	-4.90	-0.62	0.14	-0.00	-0.00	-0.00	0.00	0.00	0.00	0.00	
-4.89	-0.62	0.14	-4.89	-0.62	0.14	-0.00	-0.00	0.00	0.00	0.00	0.00	0.00	
-4.88	-0.62	0.14	-4.89	-0.62	0.14	-0.00	-0.00	0.00	0.00	0.00	0.00	0.00	
-4.87	-0.62	0.14	-4.88	-0.62	0.14	-0.00	-0.00	-0.00	0.00	0.00	0.00	0.00	
-4.87	-0.62	0.14	-4.87	-0.62	0.14	-0.00	-0.00	-0.01	0.00	0.00	0.00	0.00	
-4.86	-0.62	0.14	-4.87	-0.62	0.14	-0.00	-0.00	-0.01	0.00	0.00	0.00	0.00	
-4.85	-0.62	0.14	-4.86	-0.62	0.14	-0.00	-0.00	-0.01	0.00	0.00	0.00	0.00	
-4.84	-0.62	0.14	-4.85	-0.62	0.14	-0.00	-0.00	-0.01	0.00	0.00	0.00	0.00	
-4.84	-0.62	0.14	-4.84	-0.62	0.14	-0.00	-0.00	-0.00	0.00	0.00	0.00	0.00	
-4.83	-0.62	0.14	-4.84	-0.62	0.14	-0.00	-0.00	0.00	0.00	0.00	0.00	0.00	
-4.82	-0.62	0.14	-4.83	-0.62	0.14	-0.00	-0.00	0.00	0.00	0.00	0.00	0.00	
-4.82	-0.62	0.14	-4.82	-0.62	0.14	-0.00	-0.00	-0.00	0.00	0.00	0.00	0.00	
-4.81	-0.62	0.14	-4.82	-0.62	0.14	-0.00	-0.00	-0.01	0.00	0.00	0.00	0.00	
-4.80	-0.62	0.14	-4.81	-0.62	0.14	-0.00	-0.00	-0.01	0.00	0.00	0.00	0.00	
-4.80	-0.62	0.14	-4.80	-0.62	0.14	-0.00	-0.00	-0.01	0.00	0.00	0.00	0.00	
-4.79	-0.62	0.14	-4.80	-0.62	0.14	-0.00	-0.00	-0.01	0.00	0.00	0.00	0.00	
-4.78	-0.62	0.14	-4.79	-0.62	0.14	-0.00	-0.00	-0.00	0.00	0.00	0.00	0.00	
-4.78	-0.62	0.14	-4.78	-0.62	0.14	-0.00	-0.00	0.00	0.00	0.00	0.00	0.00	
-4.77	-0.62	0.14	-4.78	-0.62	0.14	-0.00	-0.00	0.00	0.00	0.00	0.00	0.00	
-4.76	-0.62	0.14	-4.77	-0.62	0.14	-0.00	-0.00	-0.00	0.00	0.00	0.00	0.00	
-4.75	-0.62	0.14	-4.76	-0.62	0.14	-0.00	-0.00	-0.01	0.00	0.00	0.00	0.00	
-4.75	-0.62	0.14	-4.75	-0.62	0.14	-0.00	-0.00	-0.01	0.00	0.00	0.00	0.00	
-4.74	-0.62	0.14	-4.75	-0.62	0.14	-0.00	-0.00	-0.01	0.00	0.00	0.00	0.00	
-4.73	-0.62	0.14	-4.74	-0.62	0.14	-0.00	-0.00	-0.01	0.00	0.00	0.00	0.00	
-4.73	-0.62	0.14	-4.73	-0.62	0.14	-0.00	-0.00	-0.00	0.00	0.00	0.00	0.00	
-4.72	-0.62	0.14	-4.73	-0.62	0.14	-0.00	-0.00	-0.00	0.00	0.00	0.00	0.00	
-4.71	-0.62	0.14	-4.72	-0.62	0.14	-0.00	-0.00	0.00	0.00	0.00	0.00	0.00	
-4.71	-0.62	0.14	-4.71	-0.62	0.14	-0.00	-0.00	0.01	0.00	0.00	0.00	0.00	
-4.70	-0.62	0.14	-4.71	-0.62	0.14	-0.00	-0.00	0.01	0.00	0.00	0.00	0.00	
-4.69	-0.62	0.14	-4.70	-0.62	0.14	-0.00	-0.00	0.01	0.00	0.00	0.00	0.00	
-4.69	-0.62	0.14	-4.69	-0.62	0.14	-0.00	-0.00	0.00	0.00	0.00	0.00	0.00	
-4.68	-0.62	0.14	-4.69	-0.62	0.14	-0.00	-0.00	-0.00	0.00	0.00	0.00	0.00	
-4.67	-0.62	0.14	-4.68	-0.62	0.14	-0.00	-0.00	-0.01	0.00	0.00	0.00	0.00	
-4.67	-0.62	0.14	-4.67	-0.62	0.14	-0.00	-0.00	-0.01	0.00	0.00	0.00	0.00	
-4.66	-0.62	0.14	-4.67	-0.62	0.14	-0.00	-0.00	-0.00	0.00	0.00	0.00	0.00	
-4.65	-0.62	0.14	-4.66	-0.62	0.14	-0.00	-0.00	-0.00	0.00	0.00	0.00	0.00	
-4.64	-0.62	0.14	-4.65	-0.62	0.14	-0.00	-0.00	0.00	0.00	0.00	0.00	0.00	
-4.64	-0.62	0.14	-4.64	-0.62	0.14	-0.00	-0.00	0.01	0.00	0.00	0.00	0.00	
-4.63	-0.62	0.14	-4.64	-0.62	0.14	-0.00	-0.00	0.01	0.00	0.00	0.00	0.00	
-4.62	-0.62	0.14	-4.63	-0.62	0.14	-0.00	-0.00	0.01	0.00	0.00	0.00	0.00	
-4.62	-0.62	0.14	-4.62	-0.62	0.14	-0.00	-0.00	0.00	0.00	0.00	0.00	0.00	
-4.61	-0.62	0.14	-4.62	-0.62	0.14	-0.00	-0.00	-0.00	0.00	0.00	0.00	0.00	
-4.60	-0.62	0.14	-4.61	-0.62	0.14	-0.00	-0.00	-0.01	0.00	0.00	0.00	0.00	
-4.60	-0.62	0.14	-4.60	-0.62	0.14	-0.00	-0.00	-0.01	0.00	0.00	0.00	0.00	
-4.59	-0.62	0.14	-4.60	-0.62	0.14	-0.00	-0.00	-0.00	0.00	0.00	0.00	0.00	
-4.58	-0.62	0.14	-4.59	-0.62	0.14	-0.00	-0.00	-0.00	0.00	0.00	0.00	0.00	
-4.58	-0.62	0.14	-4.58	-0.62	0.14	-0.00	-0.00	0.00	0.00	0.00	0.00	0.00	
-4.57	-0.62	0.14	-4.58	-0.62	0.14	-0.00	-0.00	0.01	0.00	0.00	0.00	0.00	
-4.56	-0.62	0.14	-4.57	-0.62	0.14	-0.00	-0.00	0.01	0.00	0.00	0.00	0.00	
-4.55	-0.62	0.14	-4.56	-0.62	0.14	-0.00	-0.00	0.01	0.00	0.00	0.00	0.00	
-4.55	-0.62	0.14	-4.55	-0.62	0.14	-0.00	-0.00	0.00	0.00	0.00	0.00	0.00	
-4.54	-0.62	0.14	-4.55	-0.62	0.14	-0.00	-0.00	-0.00	0.00	0.00	0.00	0.00	
-4.53	-0.62	0.14	-4.54	-0.62	0.14	-0.00	-0.00	-0.01	0.00	0.00	0.00	0.00	
-4.53	-0.62	0.14	-4.53	-0.62	0.14	-0.00	-0.00	-0.01	0.00	0.00	0.00	0.00	
-4.52	-0.62	0.14	-4.53	-0.62	0.14	-0.00	-0.00	-0.01	0.00	0.00	0.00	0.00	
-4.51	-0.62	0.14	-4.52	-0.62	0.14	-0.00	-0.00	-0.00	0.00	0.00	0.00	0.00	
-4.51	-0.62	0.14	-4.51	-0.62	0.14	0.00	-0.00	0.00	0.00	0.00	0.00	0.00	
-4.50	-0.62	0.14	-4.51	-0.62	0.14	-0.00	-0.00	0.01	0.00	0.00	0.00	0.00	
-4.49	-0.62	0.14	-4.50	-0.62	0.14	-0.00	-0.00	0.01	0.00	0.00	0.00	0.00	
-4.49	-0.62	0.14	-4.49	-0.62	0.14	-0.00	-0.00	0.01	0.00	0.00	0.00	0.00	
-4.48	-0.62	0.14	-4.49	-0.62	0.14	-0.00	-0.00	0.00	0.00	0.00	0.00	0.00	
-4.47	-0.62	0.14	-4.48	-0.62	0.14	-0.00	-0.00	-0.00	0.00	0.00	0.00	0.00	
-4.47	-0.62	0.14	-4.47	-0.62	0.14	-0.00	-0.00	-0.01	0.00	0.00	0.00	0.00	
-4.46	-0.62	0.14	-4.47	-0.62	0.14	-0.00	-0.00	-0.01	0.00	0.00	0.00	0.00	
-4.45	-0.62	0.14	-4.46	-0.62	0.14	-0.00	-0.00	-0.01	0.00	0.00	0.00	0.00	
-4.45	-0.62	0.14	-4.45	-0.62	0.14	-0.00	-0.00	-0.00	0.00	0.00	0.00	0.00	
-4.44	-0.62	0.14	-4.45	-0.62	0.14	-0.00	-0.00	0.00	0.00	0.00	0.00	0.00	
-4.43	-0.62	0.14	-4.44	-0.62	0.14	-0.00	-0.00	0.01	0.00	0.00	0.00	0.00	
-4.42	-0.62	0.14	-4.43	-0.62	0.14	0.00	-0.00	0.01	0.00	0.00	0.00	0.00	
-4.42	-0.62	0.14	-4.42	-0.62	0.14	0.00	-0.00	0.01	0.00	0.00	0.00	0.00	
-4.41	-0.62	0.14	-4.42	-0.62	0.14	-0.00	-0.00	0.00	0.00	0.00	0.00	0.00	
-4.40	-0.62	0.14	-4.41	-0.62	0.14	-0.00	-0.00	-0.00	0.00	0.00	0.00	0.00	
-4.40	-0.62	0.14	-4.40	-0.62	0.14	-0.00	-0.00	-0.01	0.00	0.00	0.00	0.00	
-4.39	-0.62	0.14	-4.40	-0.62	0.14	-0.00	-0.00	-0.01	0.00	0.00	0.00	0.00	
-4.38	-0.62	0.14	-4.39	-0.62	0.14	-0.00	-0.00	-0.01	0.00	0.00	0.00	0.00	
-4.38	-0.62	0.14	-4.38	-0.62	0.14	0.00	-0.00	-0.00	0.00	0.00	0.00	0.00	
-4.37	-0.62	0.14	-4.38	-0.62	0.14	0.00	-0.00	0.00	0.00	0.00	0.00	0.00	
-4.36	-0.62	0.14	-4.37	-0.62	0.14	-0.00	-0.00	0.01	0.00	0.00	0.00	0.00	
-4.36	-0.62	0.14	-4.36	-0.62	0.14	-0.00	-0.00	0.01	0.00	0.00	0.00	0.00	
-4.35	-0.62	0.14	-4.36	-0.62	0.14	-0.00	-0.00	0.01	0.00	0.00	0.00	0.00	
-4.34	-0.62	0.14	-4.35	-0.62	0.14	-0.00	-0.00	0.00	0.00	0.00	0.00	0.00	
-4.34	-0.62	0.14	-4.34	-0.62	0.14	-0.00	-0.00	-0.00	0.00	0.00	0.00	0.00	
-4.33	-0.62	0.14	-4.34	-0.62	0.14	-0.00	-0.00	-0.01	0.00	0.00	0.00	0.00	
-4.32	-0.62	0.14	-4.33	-0.62	0.14	0.00	-0.00	-0.01	0.00	0.00	0.00	0.00	
-4.31	-0.62	0.14	-4.32	-0.62	0.14	-0.00	-0.00	-0.01	0.00	0.00	0.00	0.00	
-4.31	-0.62	0.14	-4.31	-0.62	0.14	0.00	-0.00	-0.00	0.00	0.00	0.00	0.00	
-4.30	-0.62	0.14	-4.31	-0.62	0.14	-0.00	-0.00	0.00	0.00	0.00	0.00	0.00	
-4.29	-0.62	0.14	-4.30	-0.62	0.14	-0.00	-0.00	0.01	0.00	0.00	0.00	0.00	
-4.29	-0.62	0.14	-4.29	-0.62	0.14	-0.00	-0.00	0.01	0.00	0.00	0.00	0.00	
-4.28	-0.62	0.14	-4.29	-0.62	0.14	-0.00	-0.00	0.00	0.00	0.00	0.00	0.00	
-4.27	-0.62	0.14	-4.28	-0.62	0.14	-0.00	-0.00	0.00	0.00	0.00	0.00	0.00	
-4.27	-0.62	0.14	-4.27	-0.62	0.14	-0.00	-0.00	-0.00	0.00	0.00	0.00	0.00	
-4.26	-0.62	0.14	-4.27	-0.62	0.14	-0.00	-0.00	-0.01	0.00	0.00	0.00	0.00	
-4.25	-0.62	0.14	-4.26	-0.62	0.14	-0.00	-0.00	-0.01	0.00	0.00	0.00	0.00	
-4.25	-0.62	0.14	-4.25	-0.62	0.14	-0.00	-0.00	-0.01	0.00	0.00	0.00	0.00	
-4.24	-0.62	0.14	-4.25	-0.62	0.14	-0.00	-0.00	-0.00	0.00	0.00	0.00	0.00	
-4.23	-0.62	0.14	-4.24	-0.62	0.14	-0.00	-0.00	0.00	0.00	0.00	0.00	0.00	
-4.22	-0.62	0.14	-4.23	-0.62	0.14	-0.00	-0.00	0.01	0.00	0.00	0.00	0.00	
-4.22	-0.62	0.14	-4.22	-0.62	0.14	-0.00	-0.00	0.01	0.00	0.00	0.00	0.00	
-4.21	-0.62	0.14	-4.22	-0.62	0.14	-0.00	-0.00	0.01	0.00	0.00	0.00	0.00	
-4.20	-0.62	0.14	-4.21	-0.62	0.14	-0.00	-0.00	0.00	0.00	0.00	0.00	0.00	
-4.20	-0.62	0.14	-4.20	-0.62	0.14	-0.00	-0.00	-0.00	0.00	0.00	0.00	0.00	
-4.19	-0.62	0.14	-4.20	-0.62	0.14	-0.00	-0.00	-0.01	0.00	0.00	0.00	0.00	
-4.18	-0.62	0.14	-4.19	-0.62	0.14	-0.00	-0.00	-0.01	0.00	0.00	0.00	0.00	
-4.18	-0.62	0.14	-4.18	-0.62	0.14	-0.00	-0.00	-0.01	0.00	0.00	0.00	0.00	
-4.17	-0.62	0.14	-4.18	-0.62	0.14	-0.00	-0.00	-0.00	0.00	0.00	0.00	0.00	
-4.16	-0.62	0.14	-4.17	-0.62	0.14	-0.00	-0.00	0.00	0.00	0.00	0.00	0.00	
-4.16	-0.62	0.14	-4.16	-0.62	0.14	-0.00	-0.00	0.01	0.00	0.00	0.00	0.00	
-4.15	-0.62	0.14	-4.16	-0.62	0.14	-0.00	-0.00	0.01	0.00	0.00	0.00	0.00	
-4.14	-0.62	0.14	-4.15	-0.62	0.14	-0.00	-0.00	0.01	0.00	0.00	0.00	0.00	
-4.14	-0.62	0.14	-4.14	-0.62	0.14	-0.00	-0.00	0.00	0.00	0.00	0.00	0.00	
-4.13	-0.62	0.14	-4.14	-0.62	0.14	-0.00	-0.00	-0.00	0.00	0.00	0.00	0.00	
-4.12	-0.62	0.14	-4.13	-0.62	0.14	-0.00	-0.00	-0.01	0.00	0.00	0.00	0.00	
-4.11	-0.62	0.14	-4.12	-0.62	0.14	-0.00	-0.00	-0.01	0.00	0.00	0.00	0.00	
-4.11	-0.62	0.14	-4.11	-0.62	0.14	-0.00	-0.00	-0.01	0.00	0.00	0.00	0.00	
-4.10	-0.62	0.14	-4.11	-0.62	0.14	-0.00	-0.00	-0.00	0.00	0.00	0.00	0.00	
-4.09	-0.62	0.14	-4.10	-0.62	0.14	-0.00	-0.00	0.00	0.00	0.00	0.00	0.00	
-4.09	-0.62	0.14	-4.09	-0.62	0.14	-0.00	-0.00	0.01	0.00	0.00	0.00	0.00	
-4.08	-0.62	0.14	-4.09	-0.62	0.14	-0.00	-0.00	0.01	0.00	0.00	0.00	0.00	
-4.07	-0.62	0.14	-4.08	-0.62	0.14	-0.00	-0.00	0.00	0.00	0.00	0.00	0.00	
-4.07	-0.62	0.14	-4.07	-0.62	0.14	-0.00	-0.00	0.00	0.00	0.00	0.00	0.00	
-4.06	-0.62	0.14	-4.07	-0.62	0.14	-0.00	-0.00	-0.00	0.00	0.00	0.00	0.00	
-4.05	-0.62	0.14	-4.06	-0.62	0.14	-0.00	-0.00	-0.01	0.00	0.00	0.00	0.00	
-4.05	-0.62	0.14	-4.05	-0.62	0.14	-0.00	-0.00	-0.01	0.00	0.00	0.00	0.00	
-4.04	-0.62	0.14	-4.05	-0.62	0.14	-0.00	-0.00	-0.01	0.00	0.00	0.00	0.00	
-4.03	-0.62	0.14	-4.04	-0.62	0.14	-0.00	-0.00	-0.00	0.00	0.00	0.00	0.00	
-4.02	-0.62	0.14	-4.03	-0.62	0.14	-0.00	-0.00	0.00	0.00	0.00	0.00	0.00	
-4.02	-0.62	0.14	-4.02	-0.62	0.14	-0.00	-0.00	0.01	0.00	0.00	0.00	0.00	
-4.01	-0.62	0.14	-4.02	-0.62	0.14	-0.00	-0.00	0.01	0.00	0.00	0.00	0.00	
-4.00	-0.62	0.14	-4.01	-0.62	0.14	-0.00	-0.00	0.00	0.00	0.00	0.00	0.00	
-4.00	-0.62	0.14	-4.00	-0.62	0.14	-0.00	-0.00	0.00	0.00	0.00	0.00	0.00	
-3.99	-0.62	0.14	-4.00	-0.62	0.14	-0.00	-0.00	-0.00	0.00	0.00	0.00	0.00	
-3.98	-0.62	0.14	-3.99	-0.62	0.14	-0.00	-0.00	-0.01	0.00	0.00	0.00	0.00	
-3.98	-0.62	0.14	-3.98	-0.62	0.14	-0.00	-0.00	-0.01	0.00	0.00	0.00	0.00	
-3.97	-0.62	0.14	-3.98	-0.62	0.14	-0.00	-0.00	-0.01	0.00	0.00	0.00	0.00	
-3.96	-0.62	0.14	-3.97	-0.62	0.14	-0.00	-0.00	-0.00	0.00	0.00	0.00	0.00	
-3.96	-0.62	0.14	-3.96	-0.62	0.14	-0.00	-0.00	0.00	0.00	0.00	0.00	0.00	
-3.95	-0.62	0.14	-3.96	-0.62	0.14	-0.00	-0.00	0.01	0.00	0.00	0.00	0.00	
-3.94	-0.62	0.14	-3.95	-0.62	0.14	-0.00	-0.00	0.01	0.00	0.00	0.00	0.00	
-3.94	-0.62	0.14	-3.94	-0.62	0.14	-0.00	-0.00	0.01	0.00	0.00	0.00	0.00	
-3.93	-0.62	0.14	-3.94	-0.62	0.14	-0.00	-0.00	0.00	0.00	0.00	0.00	0.00	
-3.92	-0.62	0.14	-3.93	-0.62	0.14	-0.00	-0.00	-0.00	0.00	0.00	0.00	0.00	
-3.91	-0.62	0.14	-3.92	-0.62	0.14	-0.00	-0.00	-0.01	0.00	0.00	0.00	0.00	
-3.91	-0.62	0.14	-3.91	-0.62	0.14	-0.00	-0.00	-0.01	0.00	0.00	0.00	0.00	
-3.90	-0.62	0.14	-3.91	-0.62	0.14	-0.00	-0.00	-0.01	0.00	0.00	0.00	0.00	
-3.89	-0.62	0.14	-3.90	-0.62	0.14	-0.00	-0.00	-0.00	0.00	0.00	0.00	0.00	
-3.89	-0.62	0.14	-3.89	-0.62	0.14	-0.00	-0.00	0.00	0.00	0.00	0.00	0.00	
-3.88	-0.62	0.14	-3.89	-0.62	0.14	-0.00	-0.00	0.01	0.00	0.00	0.00	0.00	
-3.87	-0.62	0.14	-3.88	-0.62	0.14	-0.00	-0.00	0.01	0.00	0.00	0.00	0.00	
-3.87	-0.62	0.14	-3.87	-0.62	0.14	-0.00	-0.00	0.00	0.00	0.00	0.00	0.00	
-3.86	-0.62	0.14	-3.87	-0.62	0.14	-0.00	-0.00	0.00	0.00	0.00	0.00	0.00	
-3.85	-0.62	0.14	-3.86	-0.62	0.14	-0.00	-0.00	-0.00	0.00	0.00	0.00	0.00	
-3.85	-0.62	0.14	-3.85	-0.62	0.14	-0.00	-0.00	-0.01	0.00	0.00	0.00	0.00	
-3.84	-0.62	0.14	-3.85	-0.62	0.14	-0.00	-0.00	-0.01	0.00	0.00	0.00	0.00	
-3.83	-0.62	0.14	-3.84	-0.62	0.14	-0.00	-0.00	-0.01	0.00	0.00	0.00	0.00	
-3.83	-0.62	0.14	-3.83	-0.62	0.14	-0.00	-0.00	-0.00	0.00	0.00	0.00	0.00	
-3.82	-0.62	0.14	-3.83	-0.62	0.14	-0.00	-0.00	0.00	0.00	0.00	0.00	0.00	
-3.81	-0.62	0.14	-3.82	-0.62	0.14	-0.00	-0.00	0.01	0.00	0.00	0.00	0.00	
-3.80	-0.62	0.14	-3.81	-0.62	0.14	-0.00	-0.00	0.01	0.00	0.00	0.00	0.00	
-3.80	-0.62	0.14	-3.80	-0.62	0.14	-0.00	-0.00	0.00	0.00	0.00	0.00	0.00	
-3.79	-0.62	0.14	-3.80	-0.62	0.14	-0.00	-0.00	-0.00	0.00	0.00	0.00	0.00	
-3.78	-0.62	0.14	-3.79	-0.62	0.14	-0.00	-0.00	-0.00	0.00	0.00	0.00	0.00	
-3.78	-0.62	0.14	-3.78	-0.62	0.14	-0.00	-0.00	-0.01	0.00	0.00	0.00	0.00	
-3.77	-0.62	0.14	-3.78	-0.62	0.14	-0.00	-0.00	-0.00	0.00	0.00	0.00	0.00	
-3.76	-0.62	0.14	-3.77	-0.62	0.14	-0.00	-0.00	0.00	0.00	0.00	0.00	0.00	
-3.76	-0.62	0.14	-3.76	-0.62	0.14	-0.00	-0.00	0.01	0.00	0.00	0.00	0.00	
-3.75	-0.62	0.14	-3.76	-0.62	0.14	-0.00	-0.00	0.01	0.00	0.00	0.00	0.00	
-3.74	-0.62	0.14	-3.75	-0.62	0.14	-0.00	-0.00	0.00	0.00	0.00	0.00	0.00	
-3.74	-0.62	0.14	-3.74	-0.62	0.14	-0.00	-0.00	-0.00	0.00	0.00	0.00	0.00	
-3.73	-0.62	0.14	-3.74	-0.62	0.14	-0.00	-0.00	-0.00	0.00	0.00	0.00	0.00	
-3.72	-0.62	0.14	-3.73	-0.62	0.14	-0.00	-0.00	-0.01	0.00	0.00	0.00	0.00	
-3.71	-0.62	0.14	-3.72	-0.62	0.14	-0.00	-0.00	-0.00	0.00	0.00	0.00	0.00	
-3.71	-0.62	0.14	-3.71	-0.62	0.14	-0.00	-0.00	0.00	0.00	0.00	0.00	0.00	
-3.70	-0.62	0.14	-3.71	-0.62	0.14	-0.00	-0.00	0.01	0.00	0.00	0.00	0.00	
-3.69	-0.62	0.14	-3.70	-0.62	0.14	-0.00	-0.00	0.01	0.00	0.00	0.00	0.00	
-3.69	-0.62	0.14	-3.69	-0.62	0.14	-0.00	-0.00	0.01	0.00	0.00	0.00	0.00	
-3.68	-0.62	0.14	-3.69	-0.62	0.14	-0.00	-0.00	0.00	0.00	0.00	0.00	0.00	
-3.67	-0.62	0.14	-3.68	-0.62	0.14	-0.00	-0.00	-0.00	0.00	0.00	0.00	0.00	
-3.67	-0.62	0.14	-3.67	-0.62	0.14	-0.00	-0.00	-0.01	0.00	0.00	0.00	0.00	
-3.66	-0.62	0.14	-3.67	-0.62	0.14	-0.00	-0.00	-0.01	0.00	0.00	0.00	0.00	
-3.65	-0.62	0.14	-3.66	-0.62	0.14	-0.00	-0.00	-0.01	0.00	0.00	0.00	0.00	
-3.65	-0.62	0.14	-3.65	-0.62	0.14	-0.00	-0.00	-0.00	0.00	0.00	0.00	0.00	
-3.64	-0.62	0.14	-3.65	-0.62	0.14	-0.00	-0.00	0.00	0.00	0.00	0.00	0.00	
-3.63	-0.62	0.14	-3.64	-0.62	0.14	-0.00	-0.00	0.01	0.00	0.00	0.00	0.00	
-3.63	-0.62	0.14	-3.63	-0.62	0.14	-0.00	-0.00	0.01	0.00	0.00	0.00	0.00	
-3.62	-0.62	0.14	-3.63	-0.62	0.14	-0.00	-0.00	0.00	0.00	0.00	0.00	0.00	
-3.61	-0.62	0.14	-3.62	-0.62	0.14	-0.00	-0.00	0.00	0.00	0.00	0.00	0.00	
-3.60	-0.62	0.14	-3.61	-0.62	0.14	-0.00	-0.00	-0.00	0.00	0.00	0.00	0.00	
-3.60	-0.62	0.14	-3.60	-0.62	0.14	-0.00	-0.00	-0.01	0.00	0.00	0.00	0.00	
-3.59	-0.62	0.14	-3.60	-0.62	0.14	-0.00	-0.00	-0.01	0.00	0.00	0.00	0.00	
-3.58	-0.62	0.14	-3.59	-0.62	0.14	-0.00	-0.00	-0.01	0.00	0.00	0.00	0.00	
-3.58	-0.62	0.14	-3.58	-0.62	0.14	-0.00	-0.00	-0.00	0.00	0.00	0.00	0.00	
-3.57	-0.62	0.14	-3.58	-0.62	0.14	-0.00	-0.00	0.00	0.00	0.00	0.00	0.00	
-3.56	-0.62	0.14	-3.57	-0.62	0.14	-0.00	-0.00	0.01	0.00	0.00	0.00	0.00	
-3.56	-0.62	0.14	-3.56	-0.62	0.14	-0.00	-0.00	0.01	0.00	0.00	0.00	0.00	
-3.55	-0.62	0.14	-3.56	-0.62	0.14	-0.00	-0.00	0.01	0.00	0.00	0.00	0.00	
-3.54	-0.62	0.14	-3.55	-0.62	0.14	-0.00	-0.00	0.00	0.00	0.00	0.00	0.00	
-3.54	-0.62	0.14	-3.54	-0.62	0.14	-0.00	-0.00	-0.00	0.00	0.00	0.00	0.00	
-3.53	-0.62	0.14	-3.54	-0.62	0.14	-0.00	-0.00	-0.01	0.00	0.00	0.00	0.00	
-3.52	-0.62	0.14	-3.53	-0.62	0.14	-0.00	-0.00	-0.01	0.00	0.00	0.00	0.00	
-3.51	-0.62	0.14	-3.52	-0.62	0.14	-0.00	-0.00	-0.01	0.00	0.00	0.00	0.00	
-3.51	-0.62	0.14	-3.51	-0.62	0.14	-0.00	-0.00	-0.00	0.00	0.00	0.00	0.00	
-3.50	-0.62	0.14	-3.51	-0.62	0.14	-0.00	-0.00	0.00	0.00	0.00	0.00	0.00	
-3.49	-0.62	0.14	-3.50	-0.62	0.14	-0.00	-0.00	0.01	0.00	0.00	0.00	0.00	
-3.49	-0.62	0.14	-3.49	-0.62	0.14	-0.00	-0.00	0.01	0.00	0.00	0.00	0.00	
-3.48	-0.62	0.14	-3.49	-0.62	0.14	-0.00	-0.00	0.00	0.00	0.00	0.00	0.00	
-3.47	-0.62	0.14	-3.48	-0.62	0.14	-0.00	-0.00	-0.00	0.00	0.00	0.00	0.00	
-3.47	-0.62	0.14	-3.47	-0.62	0.14	-0.00	-0.00	-0.00	0.00	0.00	0.00	0.00	
-3.46	-0.62	0.14	-3.47	-0.62	0.14	-0.00	-0.00	-0.01	0.00	0.00	0.00	0.00	
-3.45	-0.62	0.14	-3.46	-0.62	0.14	-0.00	-0.00	-0.00	0.00	0.00	0.00	0.00	
-3.45	-0.62	0.14	-3.45	-0.62	0.14	-0.00	-0.00	0.00	0.00	0.00	0.00	0.00	
-3.44	-0.62	0.14	-3.45	-0.62	0.14	-0.00	-0.00	0.01	0.00	0.00	0.00	0.00	
-3.43	-0.62	0.14	-3.44	-0.62	0.14	-0.00	-0.00	0.01	0.00	0.00	0.00	0.00	
-3.43	-0.62	0.14	-3.43	-0.62	0.14	-0.00	-0.00	0.00	0.00	0.00	0.00	0.00	
-3.42	-0.62	0.14	-3.43	-0.62	0.14	-0.00	-0.00	-0.00	0.00	0.00	0.00	0.00	
-3.41	-0.62	0.14	-3.42	-0.62	0.14	-0.00	-0.00	-0.00	0.00	0.00	0.00	0.00	
-3.40	-0.62	0.14	-3.41	-0.62	0.14	-0.00	-0.00	-0.01	0.00	0.00	0.00	0.00	
-3.40	-0.62	0.14	-3.40	-0.62	0.14	-0.00	-0.00	-0.00	0.00	0.00	0.00	0.00	
-3.39	-0.62	0.14	-3.40	-0.62	0.14	-0.00	-0.00	0.00	0.00	0.00	0.00	0.00	
-3.38	-0.62	0.14	-3.39	-0.62	0.14	-0.00	-0.00	0.01	0.00	0.00	0.00	0.00	
-3.38	-0.62	0.14	-3.38	-0.62	0.14	-0.00	-0.00	0.01	0.00	0.00	0.00	0.00	
-3.37	-0.62	0.14	-3.38	-0.62	0.14	-0.00	-0.00	0.00	0.00	0.00	0.00	0.00	
-3.36	-0.62	0.14	-3.37	-0.62	0.14	-0.00	-0.00	-0.00	0.00	0.00	0.00	0.00	
-3.36	-0.62	0.14	-3.36	-0.62	0.14	-0.00	-0.00	-0.01	0.00	0.00	0.00	0.00	
-3.35	-0.62	0.14	-3.36	-0.62	0.14	-0.00	-0.00	-0.01	0.00	0.00	0.00	0.00	
-3.34	-0.62	0.14	-3.35	-0.62	0.14	-0.00	-0.00	-0.00	0.00	0.00	0.00	0.00	
-3.34	-0.62	0.14	-3.34	-0.62	0.14	-0.00	-0.00	0.00	0.00	0.00	0.00	0.00	
-3.33	-0.62	0.14	-3.34	-0.62	0.14	-0.00	-0.00	0.00	0.00	0.00	0.00	0.00	
-3.32	-0.62	0.14	-3.33	-0.62	0.14	0.00	-0.00	0.01	0.00	0.00	0.00	0.00	
-3.31	-0.62	0.14	-3.32	-0.62	0.14	-0.00	-0.00	0.00	0.00	0.00	0.00	0.00	
-3.31	-0.62	0.14	-3.31	-0.62	0.14	-0.00	-0.00	-0.00	0.00	0.00	0.00	0.00	
-3.30	-0.62	0.14	-3.31	-0.62	0.14	-0.00	-0.00	-0.01	0.00	0.00	0.00	0.00	
-3.29	-0.62	0.14	-3.30	-0.62	0.14	-0.00	-0.00	-0.01	0.00	0.00	0.00	0.00	
-3.29	-0.62	0.14	-3.29	-0.62	0.14	-0.00	-0.00	-0.00	0.00	0.00	0.00	0.00	
-3.28	-0.62	0.14	-3.29	-0.62	0.14	-0.00	-0.00	-0.00	0.00	0.00	0.00	0.00	
-3.27	-0.62	0.14	-3.28	-0.62	0.14	0.00	-0.00	0.00	0.00	0.00	0.00	0.00	
-3.27	-0.62	0.14	-3.27	-0.62	0.14	0.00	-0.00	0.01	0.00	0.00	0.00	0.00	
-3.26	-0.62	0.14	-3.27	-0.62	0.14	0.00	-0.00	0.01	0.00	0.00	0.00	0.00	
-3.25	-0.62	0.14	-3.26	-0.62	0.14	0.00	-0.00	0.01	0.00	0.00	0.00	0.00	
-3.25	-0.62	0.14	-3.25	-0.62	0.14	-0.00	-0.00	0.00	0.00	0.00	0.00	0.00	
-3.24	-0.62	0.14	-3.25	-0.62	0.14	-0.00	-0.00	-0.00	0.00	0.00	0.00	0.00	
-3.23	-0.62	0.14	-3.24	-0.62	0.14	-0.00	-0.00	-0.01	0.00	0.00	0.00	0.00	
-3.23	-0.62	0.14	-3.23	-0.62	0.14	-0.00	-0.00	-0.01	0.00	0.00	0.00	0.00	
-3.22	-0.62	0.14	-3.23	-0.62	0.14	-0.00	-0.00	-0.00	0.00	0.00	0.00	0.00	
-3.21	-0.62	0.14	-3.22	-0.62	0.14	-0.00	-0.00	0.00	0.00	0.00	0.00	0.00	
-3.20	-0.62	0.14	-3.21	-0.62	0.14	-0.00	-0.00	0.00	0.00	0.00	0.00	0.00	
-3.20	-0.62	0.14	-3.20	-0.62	0.14	-0.00	-0.00	0.01	0.00	0.00	0.00	0.00	
