0.00	0.00	0.00	340282346638528859811704183484516925440.00	340282346638528859811704183484516925440.00	340282346638528859811704183484516925440.00	0.00	0.00	0.00	0.00	0.00	0.00	0.00	
-5.00	-0.00	0.14	0.00	0.00	0.00	0.00	-0.00	0.52	0.00	0.00	0.00	0.00	
-5.00	0.00	0.14	-5.00	-0.00	0.14	0.00	-0.00	0.52	0.00	0.00	0.00	0.00	
-4.99	0.00	0.14	-5.00	0.00	0.14	0.00	-0.00	0.51	0.00	0.00	0.00	0.00	
-4.99	0.01	0.14	-4.99	0.00	0.14	0.00	-0.00	0.51	0.00	0.00	0.00	0.00	
-4.98	0.01	0.14	-4.99	0.01	0.14	0.00	-0.00	0.51	0.00	0.00	0.00	0.00	
-4.97	0.02	0.14	-4.98	0.01	0.14	0.00	-0.00	0.51	0.00	0.00	0.00	0.00	
-4.96	0.02	0.14	-4.97	0.02	0.14	0.00	-0.00	0.51	0.00	0.00	0.00	0.00	
-4.95	0.03	0.14	-4.96	0.02	0.14	0.00	-0.00	0.51	0.00	0.00	0.00	0.00	
-4.94	0.03	0.14	-4.95	0.03	0.14	0.00	-0.00	0.51	0.00	0.00	0.00	0.00	
-4.94	0.04	0.14	-4.94	0.03	0.14	0.00	-0.00	0.51	0.00	0.00	0.00	0.00	
-4.93	0.04	0.14	-4.94	0.04	0.14	0.00	-0.00	0.51	0.00	0.00	0.00	0.00	
-4.92	0.05	0.14	-4.93	0.04	0.14	0.00	-0.00	0.51	0.00	0.00	0.00	0.00	
-4.91	0.05	0.14	-4.92	0.05	0.14	0.00	-0.00	0.51	0.00	0.00	0.00	0.00	
-4.90	0.06	0.14	-4.91	0.05	0.14	0.00	-0.00	0.51	0.00	0.00	0.00	0.00	
-4.89	0.06	0.14	-4.90	0.06	0.14	0.00	-0.00	0.51	0.00	0.00	0.00	0.00	
-4.88	0.07	0.14	-4.89	0.06	0.14	0.00	-0.00	0.51	0.00	0.00	0.00	0.00	
-4.88	0.07	0.14	-4.88	0.07	0.14	0.00	-0.00	0.51	0.00	0.00	0.00	0.00	
-4.87	0.08	0.14	-4.88	0.07	0.14	0.00	-0.00	0.51	0.00	0.00	0.00	0.00	
-4.86	0.08	0.14	-4.87	0.08	0.14	0.00	-0.00	0.51	0.00	0.00	0.00	0.00	
-4.85	0.08	0.14	-4.86	0.08	0.14	0.00	-0.00	0.51	0.00	0.00	0.00	0.00	
-4.84	0.09	0.14	-4.85	0.08	0.14	0.00	-0.00	0.51	0.00	0.00	0.00	0.00	
-4.83	0.09	0.14	-4.84	0.09	0.14	0.00	-0.00	0.51	0.00	0.00	0.00	0.00	
-4.83	0.10	0.14	-4.83	0.09	0.14	0.00	-0.00	0.51	0.00	0.00	0.00	0.00	
-4.82	0.10	0.14	-4.83	0.10	0.14	0.00	-0.00	0.51	0.00	0.00	0.00	0.00	
-4.81	0.11	0.14	-4.82	0.10	0.14	0.00	-0.00	0.51	0.00	0.00	0.00	0.00	
-4.80	0.11	0.14	-4.81	0.11	0.14	0.00	-0.00	0.50	0.00	0.00	0.00	0.00	
-4.79	0.12	0.14	-4.80	0.11	0.14	0.00	-0.00	0.49	0.00	0.00	0.00	0.00	
-4.78	0.12	0.14	-4.79	0.12	0.14	0.00	-0.00	0.48	0.00	0.00	0.00	0.00	
-4.77	0.13	0.14	-4.78	0.12	0.14	0.00	-0.00	0.48	0.00	0.00	0.00	0.00	
-4.77	0.13	0.14	-4.77	0.13	0.14	0.00	-0.00	0.48	0.00	0.00	0.00	0.00	
-4.76	0.14	0.14	-4.77	0.13	0.14	0.00	-0.00	0.48	0.00	0.00	0.00	0.00	
-4.75	0.14	0.14	-4.76	0.14	0.14	0.00	-0.00	0.48	0.00	0.00	0.00	0.00	
-4.74	0.15	0.14	-4.75	0.14	0.14	0.00	-0.00	0.48	0.00	0.00	0.00	0.00	
-4.73	0.15	0.14	-4.74	0.15	0.14	0.00	-0.00	0.48	0.00	0.00	0.00	0.00	
-4.72	0.16	0.14	-4.73	0.15	0.14	0.00	-0.00	0.48	0.00	0.00	0.00	0.00	
-4.71	0.16	0.14	-4.72	0.16	0.14	0.00	-0.00	0.48	0.00	0.00	0.00	0.00	
-4.71	0.16	0.14	-4.71	0.16	0.14	0.00	-0.00	0.48	0.00	0.00	0.00	0.00	
-4.70	0.17	0.14	-4.71	0.16	0.14	0.00	-0.00	0.48	0.00	0.00	0.00	0.00	
-4.69	0.17	0.14	-4.70	0.17	0.14	0.00	-0.00	0.48	0.00	0.00	0.00	0.00	
-4.68	0.18	0.14	-4.69	0.17	0.14	0.00	-0.00	0.48	0.00	0.00	0.00	0.00	
-4.67	0.18	0.14	-4.68	0.18	0.14	0.00	-0.00	0.48	0.00	0.00	0.00	0.00	
-4.66	0.19	0.14	-4.67	0.18	0.14	0.00	-0.00	0.48	0.00	0.00	0.00	0.00	
-4.65	0.19	0.14	-4.66	0.19	0.14	0.00	-0.00	0.48	0.00	0.00	0.00	0.00	
-4.64	0.20	0.14	-4.65	0.19	0.14	0.00	-0.00	0.48	0.00	0.00	0.00	0.00	
-4.64	0.20	0.14	-4.64	0.20	0.14	0.00	-0.00	0.48	0.00	0.00	0.00	0.00	
-4.63	0.21	0.14	-4.64	0.20	0.14	0.00	-0.00	0.48	0.00	0.00	0.00	0.00	
-4.62	0.21	0.14	-4.63	0.21	0.14	0.00	-0.00	0.48	0.00	0.00	0.00	0.00	
-4.61	0.21	0.14	-4.62	0.21	0.14	0.00	-0.00	0.48	0.00	0.00	0.00	0.00	
-4.60	0.22	0.14	-4.61	0.21	0.14	0.00	-0.00	0.48	0.00	0.00	0.00	0.00	
-4.59	0.22	0.14	-4.60	0.22	0.14	0.00	-0.00	0.48	0.00	0.00	0.00	0.00	
-4.58	0.23	0.14	-4.59	0.22	0.14	0.00	-0.00	0.48	0.00	0.00	0.00	0.00	
-4.58	0.23	0.14	-4.58	0.23	0.14	0.00	-0.00	0.48	0.00	0.00	0.00	0.00	
-4.57	0.24	0.14	-4.58	0.23	0.14	0.00	-0.00	0.48	0.00	0.00	0.00	0.00	
-4.56	0.24	0.14	-4.57	0.24	0.14	0.00	-0.00	0.48	0.00	0.00	0.00	0.00	
-4.55	0.25	0.14	-4.56	0.24	0.14	0.00	-0.00	0.48	0.00	0.00	0.00	0.00	
-4.54	0.25	0.14	-4.55	0.25	0.14	0.00	-0.00	0.48	0.00	0.00	0.00	0.00	
-4.53	0.25	0.14	-4.54	0.25	0.14	0.00	-0.00	0.48	0.00	0.00	0.00	0.00	
-4.52	0.26	0.14	-4.53	0.25	0.14	0.00	-0.00	0.48	0.00	0.00	0.00	0.00	
-4.52	0.26	0.14	-4.52	0.26	0.14	0.00	-0.00	0.48	0.00	0.00	0.00	0.00	
-4.51	0.27	0.14	-4.52	0.26	0.14	0.00	-0.00	0.48	0.00	0.00	0.00	0.00	
-4.50	0.27	0.14	-4.51	0.27	0.14	0.00	-0.00	0.48	0.00	0.00	0.00	0.00	
-4.49	0.28	0.14	-4.50	0.27	0.14	0.00	-0.00	0.48	0.00	0.00	0.00	0.00	
-4.48	0.28	0.14	-4.49	0.28	0.14	0.00	-0.00	0.48	0.00	0.00	0.00	0.00	
-4.47	0.29	0.14	-4.48	0.28	0.14	0.00	-0.00	0.48	0.00	0.00	0.00	0.00	
-4.46	0.29	0.14	-4.47	0.29	0.14	0.00	-0.00	0.48	0.00	0.00	0.00	0.00	
-4.45	0.30	0.14	-4.46	0.29	0.14	0.00	-0.00	0.48	0.00	0.00	0.00	0.00	
-4.45	0.30	0.14	-4.45	0.30	0.14	0.00	-0.00	0.48	0.00	0.00	0.00	0.00	
-4.44	0.30	0.14	-4.45	0.30	0.14	0.00	-0.00	0.48	0.00	0.00	0.00	0.00	
-4.43	0.31	0.14	-4.44	0.30	0.14	0.00	-0.00	0.48	0.00	0.00	0.00	0.00	
-4.42	0.31	0.14	-4.43	0.31	0.14	0.00	-0.00	0.48	0.00	0.00	0.00	0.00	
-4.41	0.32	0.14	-4.42	0.31	0.14	0.00	-0.00	0.48	0.00	0.00	0.00	0.00	
-4.40	0.32	0.14	-4.41	0.32	0.14	0.00	-0.00	0.48	0.00	0.00	0.00	0.00	
-4.39	0.33	0.14	-4.40	0.32	0.14	0.00	-0.00	0.48	0.00	0.00	0.00	0.00	
-4.39	0.33	0.14	-4.39	0.33	0.14	0.00	-0.00	0.47	0.00	0.00	0.00	0.00	
-4.38	0.34	0.14	-4.39	0.33	0.14	0.00	-0.00	0.46	0.00	0.00	0.00	0.00	
-4.37	0.34	0.14	-4.38	0.34	0.14	0.00	-0.00	0.45	0.00	0.00	0.00	0.00	
-4.36	0.35	0.14	-4.37	0.34	0.14	0.00	-0.00	0.43	0.00	0.00	0.00	0.00	
-4.35	0.35	0.14	-4.36	0.35	0.14	0.00	-0.00	0.42	0.00	0.00	0.00	0.00	
-4.34	0.35	0.14	-4.35	0.35	0.14	0.00	-0.00	0.41	0.00	0.00	0.00	0.00	
-4.33	0.36	0.14	-4.34	0.35	0.14	0.00	-0.00	0.41	0.00	0.00	0.00	0.00	
-4.33	0.36	0.14	-4.33	0.36	0.14	0.00	-0.00	0.41	0.00	0.00	0.00	0.00	
-4.32	0.37	0.14	-4.33	0.36	0.14	0.00	-0.00	0.41	0.00	0.00	0.00	0.00	
-4.31	0.37	0.14	-4.32	0.37	0.14	0.00	-0.00	0.41	0.00	0.00	0.00	0.00	
-4.30	0.37	0.14	-4.31	0.37	0.14	0.00	-0.00	0.41	0.00	0.00	0.00	0.00	
-4.29	0.38	0.14	-4.30	0.37	0.14	0.00	-0.00	0.41	0.00	0.00	0.00	0.00	
-4.28	0.38	0.14	-4.29	0.38	0.14	0.00	-0.00	0.41	0.00	0.00	0.00	0.00	
-4.27	0.39	0.14	-4.28	0.38	0.14	0.00	-0.00	0.41	0.00	0.00	0.00	0.00	
-4.26	0.39	0.14	-4.27	0.39	0.14	0.00	-0.00	0.41	0.00	0.00	0.00	0.00	
-4.25	0.39	0.14	-4.26	0.39	0.14	0.00	-0.00	0.41	0.00	0.00	0.00	0.00	
-4.24	0.40	0.14	-4.25	0.39	0.14	0.00	-0.00	0.41	0.00	0.00	0.00	0.00	
-4.24	0.40	0.14	-4.24	0.40	0.14	0.00	-0.00	0.41	0.00	0.00	0.00	0.00	
-4.23	0.40	0.14	-4.24	0.40	0.14	0.00	-0.00	0.41	0.00	0.00	0.00	0.00	
-4.22	0.41	0.14	-4.23	0.40	0.14	0.00	-0.00	0.41	0.00	0.00	0.00	0.00	
-4.21	0.41	0.14	-4.22	0.41	0.14	0.00	-0.00	0.41	0.00	0.00	0.00	0.00	
-4.20	0.42	0.14	-4.21	0.41	0.14	0.00	-0.00	0.41	0.00	0.00	0.00	0.00	
-4.19	0.42	0.14	-4.20	0.42	0.14	0.00	-0.00	0.41	0.00	0.00	0.00	0.00	
-4.18	0.42	0.14	-4.19	0.42	0.14	0.00	-0.00	0.41	0.00	0.00	0.00	0.00	
-4.17	0.43	0.14	-4.18	0.42	0.14	0.00	-0.00	0.41	0.00	0.00	0.00	0.00	
-4.16	0.43	0.14	-4.17	0.43	0.14	0.00	-0.00	0.41	0.00	0.00	0.00	0.00	
-4.16	0.44	0.14	-4.16	0.43	0.14	0.00	-0.00	0.40	0.00	0.00	0.00	0.00	
-4.15	0.44	0.14	-4.16	0.44	0.14	0.00	-0.00	0.40	0.00	0.00	0.00	0.00	
-4.14	0.44	0.14	-4.15	0.44	0.14	0.00	-0.00	0.40	0.00	0.00	0.00	0.00	
-4.13	0.45	0.14	-4.14	0.44	0.14	0.00	-0.00	0.40	0.00	0.00	0.00	0.00	
-4.12	0.45	0.14	-4.13	0.45	0.14	0.00	-0.00	0.40	0.00	0.00	0.00	0.00	
-4.11	0.45	0.14	-4.12	0.45	0.14	0.00	-0.00	0.40	0.00	0.00	0.00	0.00	
-4.10	0.46	0.14	-4.11	0.45	0.14	0.00	-0.00	0.40	0.00	0.00	0.00	0.00	
-4.10	0.46	0.14	-4.10	0.46	0.14	0.00	-0.00	0.40	0.00	0.00	0.00	0.00	
-4.09	0.46	0.14	-4.10	0.46	0.14	0.00	-0.00	0.40	0.00	0.00	0.00	0.00	
-4.08	0.47	0.14	-4.09	0.46	0.14	0.00	-0.00	0.40	0.00	0.00	0.00	0.00	
-4.08	0.47	0.14	-4.08	0.47	0.14	0.00	-0.00	0.39	0.00	0.00	0.00	0.00	
-4.07	0.47	0.14	-4.08	0.47	0.14	0.00	-0.00	0.39	0.00	0.00	0.00	0.00	
-4.06	0.48	0.14	-4.07	0.47	0.14	0.00	-0.00	0.39	0.00	0.00	0.00	0.00	
-4.05	0.48	0.14	-4.06	0.48	0.14	0.00	-0.00	0.38	0.00	0.00	0.00	0.00	
-4.05	0.48	0.14	-4.05	0.48	0.14	0.00	-0.00	0.38	0.00	0.00	0.00	0.00	
-4.04	0.48	0.14	-4.05	0.48	0.14	0.00	-0.00	0.38	0.00	0.00	0.00	0.00	
-4.04	0.49	0.14	-4.04	0.48	0.14	0.00	-0.00	0.37	0.00	0.00	0.00	0.00	
-4.03	0.49	0.14	-4.04	0.49	0.14	0.00	-0.00	0.37	0.00	0.00	0.00	0.00	
-4.02	0.49	0.14	-4.03	0.49	0.14	0.00	-0.00	0.36	0.00	0.00	0.00	0.00	
-4.02	0.50	0.14	-4.02	0.49	0.14	0.00	-0.00	0.36	0.00	0.00	0.00	0.00	
-4.01	0.50	0.14	-4.02	0.50	0.14	0.00	-0.00	0.36	0.00	0.00	0.00	0.00	
-4.00	0.50	0.14	-4.01	0.50	0.14	0.00	-0.00	0.35	0.00	0.00	0.00	0.00	
-3.99	0.50	0.14	-4.00	0.50	0.14	0.00	-0.00	0.35	0.00	0.00	0.00	0.00	
-3.99	0.51	0.14	-3.99	0.50	0.14	0.00	-0.00	0.34	0.00	0.00	0.00	0.00	
-3.98	0.51	0.14	-3.99	0.51	0.14	0.00	-0.00	0.34	0.00	0.00	0.00	0.00	
-3.97	0.51	0.14	-3.98	0.51	0.14	0.00	-0.00	0.34	0.00	0.00	0.00	0.00	
-3.97	0.52	0.14	-3.97	0.51	0.14	0.00	-0.00	0.33	0.00	0.00	0.00	0.00	
-3.96	0.52	0.14	-3.97	0.52	0.14	0.00	-0.00	0.33	0.00	0.00	0.00	0.00	
-3.95	0.52	0.14	-3.96	0.52	0.14	0.00	-0.00	0.32	0.00	0.00	0.00	0.00	
-3.94	0.52	0.14	-3.95	0.52	0.14	0.00	-0.00	0.32	0.00	0.00	0.00	0.00	
-3.94	0.53	0.14	-3.94	0.52	0.14	0.00	-0.00	0.31	0.00	0.00	0.00	0.00	
-3.93	0.53	0.14	-3.94	0.53	0.14	0.00	-0.00	0.31	0.00	0.00	0.00	0.00	
-3.93	0.53	0.14	-3.93	0.53	0.14	0.00	-0.00	0.30	0.00	0.00	0.00	0.00	
-3.92	0.53	0.14	-3.93	0.53	0.14	0.00	-0.00	0.30	0.00	0.00	0.00	0.00	
-3.91	0.53	0.14	-3.92	0.53	0.14	0.00	-0.00	0.29	0.00	0.00	0.00	0.00	
-3.91	0.54	0.14	-3.91	0.53	0.14	0.00	-0.00	0.28	0.00	0.00	0.00	0.00	
-3.90	0.54	0.14	-3.91	0.54	0.14	0.00	-0.00	0.28	0.00	0.00	0.00	0.00	
-3.90	0.54	0.14	-3.90	0.54	0.14	0.00	-0.00	0.27	0.00	0.00	0.00	0.00	
-3.89	0.54	0.14	-3.90	0.54	0.14	0.00	-0.00	0.27	0.00	0.00	0.00	0.00	
-3.88	0.54	0.14	-3.89	0.54	0.14	0.00	-0.00	0.26	0.00	0.00	0.00	0.00	
-3.88	0.55	0.14	-3.88	0.54	0.14	0.00	-0.00	0.25	0.00	0.00	0.00	0.00	
-3.87	0.55	0.14	-3.88	0.55	0.14	0.00	-0.00	0.25	0.00	0.00	0.00	0.00	
-3.87	0.55	0.14	-3.87	0.55	0.14	0.00	-0.00	0.24	0.00	0.00	0.00	0.00	
-3.86	0.55	0.14	-3.87	0.55	0.14	0.00	-0.00	0.23	0.00	0.00	0.00	0.00	
-3.86	0.55	0.14	-3.86	0.55	0.14	0.00	-0.00	0.22	0.00	0.00	0.00	0.00	
-3.85	0.55	0.14	-3.86	0.55	0.14	0.00	-0.00	0.22	0.00	0.00	0.00	0.00	
-3.85	0.55	0.14	-3.85	0.55	0.14	0.00	-0.00	0.21	0.00	0.00	0.00	0.00	
-3.84	0.56	0.14	-3.85	0.55	0.14	0.00	-0.00	0.20	0.00	0.00	0.00	0.00	
-3.84	0.56	0.14	-3.84	0.56	0.14	0.00	-0.00	0.19	0.00	0.00	0.00	0.00	
-3.83	0.56	0.14	-3.84	0.56	0.14	0.00	-0.00	0.18	0.00	0.00	0.00	0.00	
-3.83	0.56	0.14	-3.83	0.56	0.14	0.00	-0.00	0.16	0.00	0.00	0.00	0.00	
-3.83	0.56	0.14	-3.83	0.56	0.14	0.00	-0.00	0.14	0.00	0.00	0.00	0.00	
-3.83	0.56	0.14	-3.83	0.56	0.14	0.00	-0.00	0.12	0.00	0.00	0.00	0.00	
-3.82	0.56	0.14	-3.83	0.56	0.14	0.00	-0.00	0.10	0.00	0.00	0.00	0.00	
-3.82	0.56	0.14	-3.82	0.56	0.14	0.00	-0.00	0.08	0.00	0.00	0.00	0.00	
-3.82	0.57	0.14	-3.82	0.56	0.14	-0.00	-0.00	0.06	0.00	0.00	0.00	0.00	
-3.82	0.57	0.14	-3.82	0.57	0.14	-0.00	-0.00	0.04	0.00	0.00	0.00	0.00	
-3.81	0.57	0.14	-3.82	0.57	0.14	-0.00	-0.00	0.03	0.00	0.00	0.00	0.00	
-3.81	0.57	0.14	-3.81	0.57	0.14	-0.00	-0.00	0.01	0.00	0.00	0.00	0.00	
-3.81	0.57	0.14	-3.81	0.57	0.14	-0.00	-0.00	-0.01	0.00	0.00	0.00	0.00	
-3.80	0.57	0.14	-3.81	0.57	0.14	-0.00	-0.00	-0.03	0.00	0.00	0.00	0.00	
-3.80	0.57	0.14	-3.80	0.57	0.14	-0.00	-0.00	-0.05	0.00	0.00	0.00	0.00	
-3.79	0.57	0.14	-3.80	0.57	0.14	-0.00	-0.00	-0.06	0.00	0.00	0.00	0.00	
-3.79	0.57	0.14	-3.79	0.57	0.14	-0.00	-0.00	-0.08	0.00	0.00	0.00	0.00	
-3.79	0.57	0.14	-3.79	0.57	0.14	-0.00	-0.00	-0.10	0.00	0.00	0.00	0.00	
-3.78	0.57	0.14	-3.79	0.57	0.14	-0.00	-0.00	-0.11	0.00	0.00	0.00	0.00	
-3.77	0.57	0.14	-3.78	0.57	0.14	-0.00	-0.00	-0.12	0.00	0.00	0.00	0.00	
-3.77	0.57	0.14	-3.77	0.57	0.14	-0.00	-0.00	-0.13	0.00	0.00	0.00	0.00	
-3.76	0.57	0.14	-3.77	0.57	0.14	-0.00	-0.00	-0.14	0.00	0.00	0.00	0.00	
-3.76	0.57	0.14	-3.76	0.57	0.14	-0.00	-0.00	-0.16	0.00	0.00	0.00	0.00	
-3.75	0.57	0.14	-3.76	0.57	0.14	-0.00	-0.00	-0.17	0.00	0.00	0.00	0.00	
-3.74	0.57	0.14	-3.75	0.57	0.14	-0.00	-0.00	-0.18	0.00	0.00	0.00	0.00	
-3.74	0.57	0.14	-3.74	0.57	0.14	-0.00	-0.00	-0.19	0.00	0.00	0.00	0.00	
-3.73	0.57	0.14	-3.74	0.57	0.14	-0.00	-0.00	-0.21	0.00	0.00	0.00	0.00	
-3.73	0.57	0.14	-3.73	0.57	0.14	-0.00	-0.00	-0.24	0.00	0.00	0.00	0.00	
-3.73	0.57	0.14	-3.73	0.57	0.14	-0.00	-0.00	-0.27	0.00	0.00	0.00	0.00	
-3.73	0.57	0.14	-3.73	0.57	0.14	-0.00	-0.00	-0.29	0.00	0.00	0.00	0.00	
-3.72	0.57	0.14	-3.73	0.57	0.14	-0.00	-0.00	-0.32	0.00	0.00	0.00	0.00	
-3.72	0.57	0.14	-3.72	0.57	0.14	-0.00	-0.00	-0.35	0.00	0.00	0.00	0.00	
-3.72	0.57	0.14	-3.72	0.57	0.14	-0.00	-0.00	-0.37	0.00	0.00	0.00	0.00	
-3.71	0.57	0.14	-3.72	0.57	0.14	-0.00	-0.00	-0.40	0.00	0.00	0.00	0.00	
-3.71	0.57	0.14	-3.71	0.57	0.14	-0.00	-0.00	-0.42	0.00	0.00	0.00	0.00	
-3.70	0.57	0.14	-3.71	0.57	0.14	-0.00	-0.00	-0.44	0.00	0.00	0.00	0.00	
-3.70	0.57	0.14	-3.70	0.57	0.14	-0.00	-0.00	-0.46	0.00	0.00	0.00	0.00	
-3.69	0.56	0.14	-3.70	0.57	0.14	-0.00	-0.00	-0.47	0.00	0.00	0.00	0.00	
-3.68	0.56	0.14	-3.69	0.56	0.14	-0.00	-0.00	-0.49	0.00	0.00	0.00	0.00	
-3.68	0.56	0.14	-3.68	0.56	0.14	-0.00	-0.00	-0.51	0.00	0.00	0.00	0.00	
-3.67	0.56	0.14	-3.68	0.56	0.14	-0.00	-0.00	-0.52	0.00	0.00	0.00	0.00	
-3.67	0.55	0.14	-3.67	0.56	0.14	-0.00	-0.00	-0.54	0.00	0.00	0.00	0.00	
-3.66	0.55	0.14	-3.67	0.55	0.14	-0.00	-0.00	-0.55	0.00	0.00	0.00	0.00	
-3.66	0.55	0.14	-3.66	0.55	0.14	-0.00	-0.00	-0.57	0.00	0.00	0.00	0.00	
-3.65	0.55	0.14	-3.66	0.55	0.14	-0.00	-0.00	-0.58	0.00	0.00	0.00	0.00	
-3.64	0.54	0.14	-3.65	0.55	0.14	-0.00	-0.00	-0.60	0.00	0.00	0.00	0.00	
-3.64	0.54	0.14	-3.64	0.54	0.14	-0.00	-0.00	-0.61	0.00	0.00	0.00	0.00	
-3.63	0.54	0.14	-3.64	0.54	0.14	-0.00	-0.00	-0.62	0.00	0.00	0.00	0.00	
-3.63	0.53	0.14	-3.63	0.54	0.14	-0.00	-0.00	-0.64	0.00	0.00	0.00	0.00	
-3.62	0.53	0.14	-3.63	0.53	0.14	-0.00	-0.00	-0.65	0.00	0.00	0.00	0.00	
-3.61	0.52	0.14	-3.62	0.53	0.14	-0.00	-0.00	-0.66	0.00	0.00	0.00	0.00	
-3.61	0.52	0.14	-3.61	0.52	0.14	-0.00	-0.00	-0.68	0.00	0.00	0.00	0.00	
-3.60	0.52	0.14	-3.61	0.52	0.14	-0.00	-0.00	-0.69	0.00	0.00	0.00	0.00	
-3.60	0.51	0.14	-3.60	0.52	0.14	-0.00	-0.00	-0.70	0.00	0.00	0.00	0.00	
-3.59	0.51	0.14	-3.60	0.51	0.14	-0.00	-0.00	-0.71	0.00	0.00	0.00	0.00	
-3.58	0.50	0.14	-3.59	0.51	0.14	-0.00	-0.00	-0.72	0.00	0.00	0.00	0.00	
-3.58	0.50	0.14	-3.58	0.50	0.14	-0.00	-0.00	-0.73	0.00	0.00	0.00	0.00	
-3.57	0.49	0.14	-3.58	0.50	0.14	-0.00	-0.00	-0.74	0.00	0.00	0.00	0.00	
-3.57	0.49	0.14	-3.57	0.49	0.14	-0.00	-0.00	-0.75	0.00	0.00	0.00	0.00	
-3.56	0.48	0.14	-3.57	0.49	0.14	-0.00	-0.00	-0.75	0.00	0.00	0.00	0.00	
-3.55	0.48	0.14	-3.56	0.48	0.14	-0.00	-0.00	-0.76	0.00	0.00	0.00	0.00	
-3.55	0.47	0.14	-3.55	0.48	0.14	-0.00	-0.00	-0.77	0.00	0.00	0.00	0.00	
-3.54	0.47	0.14	-3.55	0.47	0.14	-0.00	-0.00	-0.77	0.00	0.00	0.00	0.00	
-3.54	0.46	0.14	-3.54	0.47	0.14	-0.00	-0.00	-0.78	0.00	0.00	0.00	0.00	
-3.53	0.46	0.14	-3.54	0.46	0.14	-0.00	-0.00	-0.79	0.00	0.00	0.00	0.00	
-3.52	0.45	0.14	-3.53	0.46	0.14	-0.00	-0.00	-0.79	0.00	0.00	0.00	0.00	
-3.52	0.44	0.14	-3.52	0.45	0.14	-0.00	-0.00	-0.80	0.00	0.00	0.00	0.00	
-3.51	0.44	0.14	-3.52	0.44	0.14	-0.00	-0.00	-0.80	0.00	0.00	0.00	0.00	
-3.50	0.43	0.14	-3.51	0.44	0.14	-0.00	-0.00	-0.80	0.00	0.00	0.00	0.00	
-3.50	0.42	0.14	-3.50	0.43	0.14	-0.00	-0.00	-0.81	0.00	0.00	0.00	0.00	
-3.49	0.42	0.14	-3.50	0.42	0.14	-0.00	-0.00	-0.81	0.00	0.00	0.00	0.00	
-3.49	0.41	0.14	-3.49	0.42	0.14	-0.00	-0.00	-0.81	0.00	0.00	0.00	0.00	
-3.48	0.40	0.14	-3.49	0.41	0.14	-0.00	-0.00	-0.81	0.00	0.00	0.00	0.00	
-3.47	0.40	0.14	-3.48	0.40	0.14	-0.00	-0.00	-0.82	0.00	0.00	0.00	0.00	
-3.47	0.39	0.14	-3.47	0.40	0.14	-0.00	-0.00	-0.82	0.00	0.00	0.00	0.00	
-3.46	0.38	0.14	-3.47	0.39	0.14	-0.00	-0.00	-0.82	0.00	0.00	0.00	0.00	
-3.45	0.38	0.14	-3.46	0.38	0.14	-0.00	-0.00	-0.82	0.00	0.00	0.00	0.00	
-3.45	0.37	0.14	-3.45	0.38	0.14	-0.00	-0.00	-0.82	0.00	0.00	0.00	0.00	
-3.44	0.36	0.14	-3.45	0.37	0.14	-0.00	-0.00	-0.82	0.00	0.00	0.00	0.00	
-3.43	0.36	0.14	-3.44	0.36	0.14	-0.00	-0.00	-0.82	0.00	0.00	0.00	0.00	
-3.43	0.35	0.14	-3.43	0.36	0.14	-0.00	-0.00	-0.83	0.00	0.00	0.00	0.00	
-3.42	0.34	0.14	-3.43	0.35	0.14	-0.00	-0.00	-0.85	0.00	0.00	0.00	0.00	
-3.41	0.34	0.14	-3.42	0.34	0.14	-0.00	-0.00	-0.87	0.00	0.00	0.00	0.00	
-3.41	0.33	0.14	-3.41	0.34	0.14	-0.00	-0.00	-0.88	0.00	0.00	0.00	0.00	
-3.40	0.32	0.14	-3.41	0.33	0.14	-0.00	-0.00	-0.89	0.00	0.00	0.00	0.00	
-3.39	0.31	0.14	-3.40	0.32	0.14	-0.00	-0.00	-0.89	0.00	0.00	0.00	0.00	
-3.39	0.31	0.14	-3.39	0.31	0.14	-0.00	-0.00	-0.89	0.00	0.00	0.00	0.00	
-3.38	0.30	0.14	-3.39	0.31	0.14	-0.00	-0.00	-0.89	0.00	0.00	0.00	0.00	
-3.37	0.29	0.14	-3.38	0.30	0.14	-0.00	-0.00	-0.89	0.00	0.00	0.00	0.00	
-3.37	0.28	0.14	-3.37	0.29	0.14	-0.00	-0.00	-0.89	0.00	0.00	0.00	0.00	
-3.36	0.28	0.14	-3.37	0.28	0.14	-0.00	-0.00	-0.89	0.00	0.00	0.00	0.00	
-3.36	0.27	0.14	-3.36	0.28	0.14	-0.00	-0.00	-0.89	0.00	0.00	0.00	0.00	
-3.35	0.26	0.14	-3.36	0.27	0.14	-0.00	-0.00	-0.89	0.00	0.00	0.00	0.00	
-3.34	0.25	0.14	-3.35	0.26	0.14	-0.00	-0.00	-0.89	0.00	0.00	0.00	0.00	
-3.34	0.25	0.14	-3.34	0.25	0.14	-0.00	-0.00	-0.89	0.00	0.00	0.00	0.00	
-3.33	0.24	0.14	-3.34	0.25	0.14	-0.00	-0.00	-0.89	0.00	0.00	0.00	0.00	
-3.33	0.23	0.14	-3.33	0.24	0.14	-0.00	-0.00	-0.89	0.00	0.00	0.00	0.00	
-3.32	0.22	0.14	-3.33	0.23	0.14	-0.00	-0.00	-0.89	0.00	0.00	0.00	0.00	
-3.31	0.22	0.14	-3.32	0.22	0.14	-0.00	-0.00	-0.89	0.00	0.00	0.00	0.00	
-3.31	0.21	0.14	-3.31	0.22	0.14	-0.00	-0.00	-0.89	0.00	0.00	0.00	0.00	
-3.30	0.20	0.14	-3.31	0.21	0.14	-0.00	-0.00	-0.89	0.00	0.00	0.00	0.00	
-3.29	0.19	0.14	-3.30	0.20	0.14	-0.00	-0.00	-0.89	0.00	0.00	0.00	0.00	
-3.29	0.18	0.14	-3.29	0.19	0.14	-0.00	-0.00	-0.89	0.00	0.00	0.00	0.00	
-3.28	0.18	0.14	-3.29	0.18	0.14	-0.00	-0.00	-0.89	0.00	0.00	0.00	0.00	
-3.28	0.17	0.14	-3.28	0.18	0.14	-0.00	-0.00	-0.89	0.00	0.00	0.00	0.00	
-3.27	0.16	0.14	-3.28	0.17	0.14	-0.00	-0.00	-0.89	0.00	0.00	0.00	0.00	
-3.26	0.15	0.14	-3.27	0.16	0.14	-0.00	-0.00	-0.90	0.00	0.00	0.00	0.00	
-3.26	0.15	0.14	-3.26	0.15	0.14	-0.00	-0.00	-0.92	0.00	0.00	0.00	0.00	
-3.25	0.14	0.14	-3.26	0.15	0.14	-0.00	-0.00	-0.94	0.00	0.00	0.00	0.00	
-3.24	0.13	0.14	-3.25	0.14	0.14	-0.00	-0.00	-0.95	0.00	0.00	0.00	0.00	
-3.24	0.13	0.14	-3.24	0.13	0.14	-0.00	-0.00	-0.96	0.00	0.00	0.00	0.00	
-3.23	0.12	0.14	-3.24	0.13	0.14	-0.00	-0.00	-0.96	0.00	0.00	0.00	0.00	
-3.23	0.11	0.14	-3.23	0.12	0.14	-0.00	-0.00	-0.96	0.00	0.00	0.00	0.00	
-3.22	0.10	0.14	-3.23	0.11	0.14	-0.00	-0.00	-0.96	0.00	0.00	0.00	0.00	
-3.22	0.09	0.14	-3.22	0.10	0.14	-0.00	-0.00	-0.96	0.00	0.00	0.00	0.00	
-3.21	0.09	0.14	-3.22	0.09	0.14	-0.00	-0.00	-0.96	0.00	0.00	0.00	0.00	
-3.21	0.08	0.14	-3.21	0.09	0.14	-0.00	-0.00	-0.96	0.00	0.00	0.00	0.00	
-3.20	0.07	0.14	-3.21	0.08	0.14	-0.00	-0.00	-0.96	0.00	0.00	0.00	0.00	
-3.19	0.06	0.14	-3.20	0.07	0.14	-0.00	-0.00	-0.96	0.00	0.00	0.00	0.00	
-3.19	0.05	0.14	-3.19	0.06	0.14	-0.00	-0.00	-0.96	0.00	0.00	0.00	0.00	
-3.18	0.05	0.14	-3.19	0.05	0.14	-0.00	-0.00	-0.96	0.00	0.00	0.00	0.00	
-3.18	0.04	0.14	-3.18	0.05	0.14	-0.00	-0.00	-0.96	0.00	0.00	0.00	0.00	
-3.17	0.03	0.14	-3.18	0.04	0.14	-0.00	-0.00	-0.96	0.00	0.00	0.00	0.00	
-3.17	0.02	0.14	-3.17	0.03	0.14	-0.00	-0.00	-0.96	0.00	0.00	0.00	0.00	
-3.16	0.01	0.14	-3.17	0.02	0.14	-0.00	-0.00	-0.96	0.00	0.00	0.00	0.00	
-3.16	0.01	0.14	-3.16	0.01	0.14	-0.00	-0.00	-0.96	0.00	0.00	0.00	0.00	
-3.15	-0.00	0.14	-3.16	0.01	0.14	-0.00	-0.00	-0.96	0.00	0.00	0.00	0.00	
-3.14	-0.01	0.14	-3.15	-0.00	0.14	-0.00	-0.00	-0.96	0.00	0.00	0.00	0.00	
-3.14	-0.02	0.14	-3.14	-0.01	0.14	-0.00	-0.00	-0.96	0.00	0.00	0.00	0.00	
-3.13	-0.03	0.14	-3.14	-0.02	0.14	-0.00	-0.00	-0.96	0.00	0.00	0.00	0.00	
-3.13	-0.03	0.14	-3.13	-0.03	0.14	-0.00	-0.00	-0.96	0.00	0.00	0.00	0.00	
-3.12	-0.04	0.14	-3.13	-0.03	0.14	-0.00	-0.00	-0.97	0.00	0.00	0.00	0.00	
-3.12	-0.05	0.14	-3.12	-0.04	0.14	-0.00	-0.00	-0.99	0.00	0.00	0.00	0.00	
-3.11	-0.06	0.14	-3.12	-0.05	0.14	-0.00	-0.00	-1.01	0.00	0.00	0.00	0.00	
-3.10	-0.07	0.14	-3.11	-0.06	0.14	-0.00	-0.00	-1.02	0.00	0.00	0.00	0.00	
-3.10	-0.07	0.14	-3.10	-0.07	0.14	-0.00	-0.00	-1.03	0.00	0.00	0.00	0.00	
-3.09	-0.08	0.14	-3.10	-0.07	0.14	-0.00	-0.00	-1.03	0.00	0.00	0.00	0.00	
-3.09	-0.09	0.14	-3.09	-0.08	0.14	-0.00	-0.00	-1.03	0.00	0.00	0.00	0.00	
-3.08	-0.10	0.14	-3.09	-0.09	0.14	-0.00	-0.00	-1.03	0.00	0.00	0.00	0.00	
-3.08	-0.11	0.14	-3.08	-0.10	0.14	-0.00	-0.00	-1.03	0.00	0.00	0.00	0.00	
-3.07	-0.11	0.14	-3.08	-0.11	0.14	-0.00	-0.00	-1.03	0.00	0.00	0.00	0.00	
-3.07	-0.12	0.14	-3.07	-0.11	0.14	-0.00	-0.00	-1.03	0.00	0.00	0.00	0.00	
-3.06	-0.13	0.14	-3.07	-0.12	0.14	-0.00	-0.00	-1.03	0.00	0.00	0.00	0.00	
-3.06	-0.14	0.14	-3.06	-0.13	0.14	-0.00	-0.00	-1.03	0.00	0.00	0.00	0.00	
-3.05	-0.15	0.14	-3.06	-0.14	0.14	-0.00	-0.00	-1.03	0.00	0.00	0.00	0.00	
-3.05	-0.16	0.14	-3.05	-0.15	0.14	-0.00	-0.00	-1.03	0.00	0.00	0.00	0.00	
-3.04	-0.16	0.14	-3.05	-0.16	0.14	-0.00	-0.00	-1.03	0.00	0.00	0.00	0.00	
-3.04	-0.17	0.14	-3.04	-0.16	0.14	-0.00	-0.00	-1.03	0.00	0.00	0.00	0.00	
-3.04	-0.18	0.14	-3.04	-0.17	0.14	-0.00	-0.00	-1.03	0.00	0.00	0.00	0.00	
-3.03	-0.19	0.14	-3.04	-0.18	0.14	-0.00	-0.00	-1.03	0.00	0.00	0.00	0.00	
-3.03	-0.19	0.14	-3.03	-0.19	0.14	-0.00	-0.00	-1.02	0.00	0.00	0.00	0.00	
-3.02	-0.20	0.14	-3.03	-0.19	0.14	-0.00	-0.00	-1.02	0.00	0.00	0.00	0.00	
-3.02	-0.21	0.14	-3.02	-0.20	0.14	-0.00	-0.00	-1.02	0.00	0.00	0.00	0.00	
-3.01	-0.22	0.14	-3.02	-0.21	0.14	-0.00	-0.00	-1.01	0.00	0.00	0.00	0.00	
-3.01	-0.22	0.14	-3.01	-0.22	0.14	-0.00	-0.00	-1.01	0.00	0.00	0.00	0.00	
-3.01	-0.23	0.14	-3.01	-0.22	0.14	-0.00	-0.00	-1.00	0.00	0.00	0.00	0.00	
-3.00	-0.23	0.14	-3.01	-0.23	0.14	-0.00	-0.00	-1.00	0.00	0.00	0.00	0.00	
-3.00	-0.24	0.14	-3.00	-0.23	0.14	-0.00	-0.00	-0.99	0.00	0.00	0.00	0.00	
-3.00	-0.25	0.14	-3.00	-0.24	0.14	-0.00	-0.00	-0.98	0.00	0.00	0.00	0.00	
-2.99	-0.25	0.14	-3.00	-0.25	0.14	-0.00	-0.00	-0.98	0.00	0.00	0.00	0.00	
-2.99	-0.26	0.14	-2.99	-0.25	0.14	-0.00	-0.00	-0.97	0.00	0.00	0.00	0.00	
-2.99	-0.26	0.14	-2.99	-0.26	0.14	-0.00	-0.00	-0.96	0.00	0.00	0.00	0.00	
-2.98	-0.27	0.14	-2.99	-0.26	0.14	-0.00	-0.00	-0.96	0.00	0.00	0.00	0.00	
-2.98	-0.27	0.14	-2.98	-0.27	0.14	-0.00	-0.00	-0.95	0.00	0.00	0.00	0.00	
-2.98	-0.28	0.14	-2.98	-0.27	0.14	-0.00	-0.00	-0.94	0.00	0.00	0.00	0.00	
-2.97	-0.28	0.14	-2.98	-0.28	0.14	-0.00	-0.00	-0.93	0.00	0.00	0.00	0.00	
-2.97	-0.29	0.14	-2.97	-0.28	0.14	-0.00	-0.00	-0.92	0.00	0.00	0.00	0.00	
-2.97	-0.29	0.14	-2.97	-0.29	0.14	-0.00	-0.00	-0.92	0.00	0.00	0.00	0.00	
-2.97	-0.29	0.14	-2.97	-0.29	0.14	-0.00	-0.00	-0.91	0.00	0.00	0.00	0.00	
-2.96	-0.30	0.14	-2.97	-0.29	0.14	-0.00	-0.00	-0.90	0.00	0.00	0.00	0.00	
-2.96	-0.30	0.14	-2.96	-0.30	0.14	-0.00	-0.00	-0.89	0.00	0.00	0.00	0.00	
-2.96	-0.31	0.14	-2.96	-0.30	0.14	-0.00	-0.00	-0.88	0.00	0.00	0.00	0.00	
-2.96	-0.31	0.14	-2.96	-0.31	0.14	-0.00	-0.00	-0.87	0.00	0.00	0.00	0.00	
-2.95	-0.31	0.14	-2.96	-0.31	0.14	-0.00	-0.00	-0.86	0.00	0.00	0.00	0.00	
-2.95	-0.32	0.14	-2.95	-0.31	0.14	-0.00	-0.00	-0.84	0.00	0.00	0.00	0.00	
-2.95	-0.32	0.14	-2.95	-0.32	0.14	-0.00	-0.00	-0.83	0.00	0.00	0.00	0.00	
-2.95	-0.32	0.14	-2.95	-0.32	0.14	-0.00	-0.00	-0.82	0.00	0.00	0.00	0.00	
-2.94	-0.33	0.14	-2.95	-0.32	0.14	-0.00	-0.00	-0.80	0.00	0.00	0.00	0.00	
-2.94	-0.33	0.14	-2.94	-0.33	0.14	-0.00	-0.00	-0.79	0.00	0.00	0.00	0.00	
-2.94	-0.33	0.14	-2.94	-0.33	0.14	-0.00	-0.00	-0.78	0.00	0.00	0.00	0.00	
-2.94	-0.34	0.14	-2.94	-0.33	0.14	-0.00	-0.00	-0.76	0.00	0.00	0.00	0.00	
-2.93	-0.34	0.14	-2.94	-0.34	0.14	-0.00	-0.00	-0.75	0.00	0.00	0.00	0.00	
-2.93	-0.34	0.14	-2.93	-0.34	0.14	-0.00	-0.00	-0.73	0.00	0.00	0.00	0.00	
-2.93	-0.35	0.14	-2.93	-0.34	0.14	-0.00	-0.00	-0.72	0.00	0.00	0.00	0.00	
-2.93	-0.35	0.14	-2.93	-0.35	0.14	-0.00	-0.00	-0.70	0.00	0.00	0.00	0.00	
-2.92	-0.35	0.14	-2.93	-0.35	0.14	-0.00	-0.00	-0.68	0.00	0.00	0.00	0.00	
-2.92	-0.36	0.14	-2.92	-0.35	0.14	-0.00	-0.00	-0.66	0.00	0.00	0.00	0.00	
-2.92	-0.36	0.14	-2.92	-0.36	0.14	-0.00	-0.00	-0.65	0.00	0.00	0.00	0.00	
-2.92	-0.36	0.14	-2.92	-0.36	0.14	-0.00	-0.00	-0.63	0.00	0.00	0.00	0.00	
-2.91	-0.36	0.14	-2.92	-0.36	0.14	-0.00	-0.00	-0.61	0.00	0.00	0.00	0.00	
-2.91	-0.37	0.14	-2.91	-0.36	0.14	-0.00	-0.00	-0.59	0.00	0.00	0.00	0.00	
-2.91	-0.37	0.14	-2.91	-0.37	0.14	-0.00	-0.00	-0.57	0.00	0.00	0.00	0.00	
-2.91	-0.37	0.14	-2.91	-0.37	0.14	-0.00	-0.00	-0.55	0.00	0.00	0.00	0.00	
-2.91	-0.37	0.14	-2.91	-0.37	0.14	-0.00	-0.00	-0.53	0.00	0.00	0.00	0.00	
-2.90	-0.38	0.14	-2.91	-0.37	0.14	-0.00	-0.00	-0.51	0.00	0.00	0.00	0.00	
-2.90	-0.38	0.14	-2.90	-0.38	0.14	-0.00	-0.00	-0.49	0.00	0.00	0.00	0.00	
-2.90	-0.38	0.14	-2.90	-0.38	0.14	-0.00	-0.00	-0.47	0.00	0.00	0.00	0.00	
-2.89	-0.38	0.14	-2.90	-0.38	0.14	-0.00	-0.00	-0.45	0.00	0.00	0.00	0.00	
-2.89	-0.39	0.14	-2.89	-0.38	0.14	-0.00	-0.00	-0.44	0.00	0.00	0.00	0.00	
-2.88	-0.39	0.14	-2.89	-0.39	0.14	-0.00	-0.00	-0.42	0.00	0.00	0.00	0.00	
-2.88	-0.39	0.14	-2.88	-0.39	0.14	-0.00	-0.00	-0.40	0.00	0.00	0.00	0.00	
-2.88	-0.40	0.14	-2.88	-0.39	0.14	-0.00	-0.00	-0.38	0.00	0.00	0.00	0.00	
-2.87	-0.40	0.14	-2.88	-0.40	0.14	-0.00	-0.00	-0.36	0.00	0.00	0.00	0.00	
-2.87	-0.40	0.14	-2.87	-0.40	0.14	-0.00	-0.00	-0.35	0.00	0.00	0.00	0.00	
-2.86	-0.40	0.14	-2.87	-0.40	0.14	-0.00	-0.00	-0.33	0.00	0.00	0.00	0.00	
-2.86	-0.40	0.14	-2.86	-0.40	0.14	-0.00	-0.00	-0.31	0.00	0.00	0.00	0.00	
-2.86	-0.41	0.14	-2.86	-0.40	0.14	-0.00	-0.00	-0.29	0.00	0.00	0.00	0.00	
-2.85	-0.41	0.14	-2.86	-0.41	0.14	-0.00	-0.00	-0.27	0.00	0.00	0.00	0.00	
-2.85	-0.41	0.14	-2.85	-0.41	0.14	-0.00	-0.00	-0.25	0.00	0.00	0.00	0.00	
-2.84	-0.41	0.14	-2.85	-0.41	0.14	-0.00	-0.00	-0.24	0.00	0.00	0.00	0.00	
-2.84	-0.41	0.14	-2.84	-0.41	0.14	-0.00	-0.00	-0.22	0.00	0.00	0.00	0.00	
-2.83	-0.42	0.14	-2.84	-0.41	0.14	-0.00	-0.00	-0.21	0.00	0.00	0.00	0.00	
-2.82	-0.42	0.14	-2.83	-0.42	0.14	-0.00	-0.00	-0.20	0.00	0.00	0.00	0.00	
-2.81	-0.42	0.14	-2.82	-0.42	0.14	-0.00	-0.00	-0.19	0.00	0.00	0.00	0.00	
-2.81	-0.42	0.14	-2.81	-0.42	0.14	-0.00	-0.00	-0.18	0.00	0.00	0.00	0.00	
-2.80	-0.42	0.14	-2.81	-0.42	0.14	-0.00	-0.00	-0.17	0.00	0.00	0.00	0.00	
-2.79	-0.43	0.14	-2.80	-0.42	0.14	-0.00	-0.00	-0.16	0.00	0.00	0.00	0.00	
-2.79	-0.43	0.14	-2.79	-0.43	0.14	-0.00	-0.00	-0.14	0.00	0.00	0.00	0.00	
-2.78	-0.43	0.14	-2.79	-0.43	0.14	-0.00	-0.00	-0.13	0.00	0.00	0.00	0.00	
-2.77	-0.43	0.14	-2.78	-0.43	0.14	-0.00	-0.00	-0.12	0.00	0.00	0.00	0.00	
-2.77	-0.43	0.14	-2.77	-0.43	0.14	-0.00	-0.00	-0.11	0.00	0.00	0.00	0.00	
-2.76	-0.43	0.14	-2.77	-0.43	0.14	-0.00	-0.00	-0.09	0.00	0.00	0.00	0.00	
-2.75	-0.43	0.14	-2.76	-0.43	0.14	-0.00	-0.00	-0.08	0.00	0.00	0.00	0.00	
-2.74	-0.44	0.14	-2.75	-0.43	0.14	-0.00	-0.00	-0.07	0.00	0.00	0.00	0.00	
-2.74	-0.44	0.14	-2.74	-0.44	0.14	-0.00	-0.00	-0.06	0.00	0.00	0.00	0.00	
-2.73	-0.44	0.14	-2.74	-0.44	0.14	-0.00	-0.00	-0.05	0.00	0.00	0.00	0.00	
-2.72	-0.44	0.14	-2.73	-0.44	0.14	-0.00	-0.00	-0.03	0.00	0.00	0.00	0.00	
-2.72	-0.44	0.14	-2.72	-0.44	0.14	-0.00	-0.00	-0.02	0.00	0.00	0.00	0.00	
-2.71	-0.44	0.14	-2.72	-0.44	0.14	-0.00	-0.00	-0.01	0.00	0.00	0.00	0.00	
-2.70	-0.44	0.14	-2.71	-0.44	0.14	-0.00	-0.00	0.00	0.00	0.00	0.00	0.00	
-2.69	-0.44	0.14	-2.70	-0.44	0.14	-0.00	-0.00	0.01	0.00	0.00	0.00	0.00	
-2.69	-0.44	0.14	-2.69	-0.44	0.14	-0.00	-0.00	0.02	0.00	0.00	0.00	0.00	
-2.68	-0.44	0.14	-2.69	-0.44	0.14	0.00	-0.00	0.03	0.00	0.00	0.00	0.00	
-2.67	-0.44	0.14	-2.68	-0.44	0.14	-0.00	-0.00	0.04	0.00	0.00	0.00	0.00	
-2.66	-0.44	0.14	-2.67	-0.44	0.14	-0.00	-0.00	0.04	0.00	0.00	0.00	0.00	
-2.65	-0.44	0.14	-2.66	-0.44	0.14	-0.00	-0.00	0.04	0.00	0.00	0.00	0.00	
-2.64	-0.44	0.14	-2.65	-0.44	0.14	-0.00	-0.00	0.04	0.00	0.00	0.00	0.00	
-2.63	-0.44	0.14	-2.64	-0.44	0.14	0.00	-0.00	0.04	0.00	0.00	0.00	0.00	
-2.62	-0.44	0.14	-2.63	-0.44	0.14	0.00	-0.00	0.04	0.00	0.00	0.00	0.00	
-2.61	-0.44	0.14	-2.62	-0.44	0.14	0.00	-0.00	0.04	0.00	0.00	0.00	0.00	
-2.60	-0.44	0.14	-2.61	-0.44	0.14	-0.00	-0.00	0.04	0.00	0.00	0.00	0.00	
-2.59	-0.44	0.14	-2.60	-0.44	0.14	-0.00	-0.00	0.04	0.00	0.00	0.00	0.00	
-2.58	-0.44	0.14	-2.59	-0.44	0.14	-0.00	-0.00	0.03	0.00	0.00	0.00	0.00	
-2.57	-0.44	0.14	-2.58	-0.44	0.14	-0.00	-0.00	0.01	0.00	0.00	0.00	0.00	
-2.56	-0.44	0.14	-2.57	-0.44	0.14	-0.00	-0.00	0.01	0.00	0.00	0.00	0.00	
-2.55	-0.44	0.14	-2.56	-0.44	0.14	-0.00	-0.00	0.01	0.00	0.00	0.00	0.00	
-2.54	-0.44	0.14	-2.55	-0.44	0.14	-0.00	-0.00	0.01	0.00	0.00	0.00	0.00	
-2.53	-0.44	0.14	-2.54	-0.44	0.14	-0.00	-0.00	0.01	0.00	0.00	0.00	0.00	
-2.52	-0.44	0.14	-2.53	-0.44	0.14	-0.00	-0.00	0.01	0.00	0.00	0.00	0.00	
-2.51	-0.44	0.14	-2.52	-0.44	0.14	-0.00	-0.00	0.01	0.00	0.00	0.00	0.00	
-2.50	-0.44	0.14	-2.51	-0.44	0.14	-0.00	-0.00	0.01	0.00	0.00	0.00	0.00	
-2.49	-0.43	0.14	-2.50	-0.44	0.14	-0.00	-0.00	0.01	0.00	0.00	0.00	0.00	
-2.48	-0.43	0.14	-2.49	-0.43	0.14	-0.00	-0.00	0.01	0.00	0.00	0.00	0.00	
-2.47	-0.43	0.14	-2.48	-0.43	0.14	-0.00	-0.00	0.01	0.00	0.00	0.00	0.00	
-2.46	-0.43	0.14	-2.47	-0.43	0.14	-0.00	-0.00	0.01	0.00	0.00	0.00	0.00	
-2.46	-0.43	0.14	-2.46	-0.43	0.14	-0.00	-0.00	0.01	0.00	0.00	0.00	0.00	
-2.45	-0.43	0.14	-2.46	-0.43	0.14	-0.00	-0.00	0.01	0.00	0.00	0.00	0.00	
-2.44	-0.43	0.14	-2.45	-0.43	0.14	-0.00	-0.00	0.01	0.00	0.00	0.00	0.00	
-2.43	-0.43	0.14	-2.44	-0.43	0.14	-0.00	-0.00	0.01	0.00	0.00	0.00	0.00	
-2.42	-0.43	0.14	-2.43	-0.43	0.14	-0.00	-0.00	0.01	0.00	0.00	0.00	0.00	
-2.41	-0.43	0.14	-2.42	-0.43	0.14	-0.00	-0.00	0.01	0.00	0.00	0.00	0.00	
-2.40	-0.43	0.14	-2.41	-0.43	0.14	-0.00	-0.00	0.01	0.00	0.00	0.00	0.00	
-2.39	-0.43	0.14	-2.40	-0.43	0.14	-0.00	-0.00	0.01	0.00	0.00	0.00	0.00	
-2.38	-0.43	0.14	-2.39	-0.43	0.14	-0.00	-0.00	0.01	0.00	0.00	0.00	0.00	
-2.37	-0.43	0.14	-2.38	-0.43	0.14	-0.00	-0.00	0.01	0.00	0.00	0.00	0.00	
-2.36	-0.43	0.14	-2.37	-0.43	0.14	-0.00	-0.00	0.01	0.00	0.00	0.00	0.00	
-2.35	-0.43	0.14	-2.36	-0.43	0.14	-0.00	-0.00	-0.00	0.00	0.00	0.00	0.00	
-2.34	-0.43	0.14	-2.35	-0.43	0.14	-0.00	-0.00	-0.02	0.00	0.00	0.00	0.00	
-2.33	-0.43	0.14	-2.34	-0.43	0.14	-0.00	-0.00	-0.04	0.00	0.00	0.00	0.00	
-2.32	-0.43	0.14	-2.33	-0.43	0.14	-0.00	-0.00	-0.05	0.00	0.00	0.00	0.00	
-2.31	-0.43	0.14	-2.32	-0.43	0.14	-0.00	-0.00	-0.06	0.00	0.00	0.00	0.00	
-2.30	-0.43	0.14	-2.31	-0.43	0.14	-0.00	-0.00	-0.06	0.00	0.00	0.00	0.00	
-2.29	-0.43	0.14	-2.30	-0.43	0.14	-0.00	-0.00	-0.06	0.00	0.00	0.00	0.00	
-2.28	-0.43	0.14	-2.29	-0.43	0.14	-0.00	-0.00	-0.06	0.00	0.00	0.00	0.00	
-2.27	-0.43	0.14	-2.28	-0.43	0.14	-0.00	-0.00	-0.06	0.00	0.00	0.00	0.00	
-2.26	-0.43	0.14	-2.27	-0.43	0.14	-0.00	-0.00	-0.06	0.00	0.00	0.00	0.00	
-2.25	-0.44	0.14	-2.26	-0.43	0.14	-0.00	-0.00	-0.06	0.00	0.00	0.00	0.00	
-2.24	-0.44	0.14	-2.25	-0.44	0.14	-0.00	-0.00	-0.06	0.00	0.00	0.00	0.00	
-2.23	-0.44	0.14	-2.24	-0.44	0.14	-0.00	-0.00	-0.06	0.00	0.00	0.00	0.00	
-2.22	-0.44	0.14	-2.23	-0.44	0.14	-0.00	-0.00	-0.06	0.00	0.00	0.00	0.00	
-2.21	-0.44	0.14	-2.22	-0.44	0.14	-0.00	-0.00	-0.06	0.00	0.00	0.00	0.00	
-2.20	-0.44	0.14	-2.21	-0.44	0.14	-0.00	-0.00	-0.06	0.00	0.00	0.00	0.00	
-2.19	-0.44	0.14	-2.20	-0.44	0.14	-0.00	-0.00	-0.06	0.00	0.00	0.00	0.00	
-2.19	-0.44	0.14	-2.19	-0.44	0.14	-0.00	-0.00	-0.06	0.00	0.00	0.00	0.00	
-2.18	-0.44	0.14	-2.19	-0.44	0.14	-0.00	-0.00	-0.06	0.00	0.00	0.00	0.00	
-2.17	-0.44	0.14	-2.18	-0.44	0.14	-0.00	-0.00	-0.06	0.00	0.00	0.00	0.00	
-2.16	-0.44	0.14	-2.17	-0.44	0.14	-0.00	-0.00	-0.06	0.00	0.00	0.00	0.00	
-2.15	-0.44	0.14	-2.16	-0.44	0.14	-0.00	-0.00	-0.06	0.00	0.00	0.00	0.00	
-2.14	-0.44	0.14	-2.15	-0.44	0.14	-0.00	-0.00	-0.06	0.00	0.00	0.00	0.00	
-2.13	-0.44	0.14	-2.14	-0.44	0.14	-0.00	-0.00	-0.06	0.00	0.00	0.00	0.00	
-2.12	-0.44	0.14	-2.13	-0.44	0.14	-0.00	-0.00	-0.07	0.00	0.00	0.00	0.00	
-2.11	-0.44	0.14	-2.12	-0.44	0.14	-0.00	-0.00	-0.09	0.00	0.00	0.00	0.00	
-2.10	-0.44	0.14	-2.11	-0.44	0.14	-0.00	-0.00	-0.09	0.00	0.00	0.00	0.00	
-2.09	-0.45	0.14	-2.10	-0.44	0.14	-0.00	-0.00	-0.09	0.00	0.00	0.00	0.00	
-2.08	-0.45	0.14	-2.09	-0.45	0.14	-0.00	-0.00	-0.09	0.00	0.00	0.00	0.00	
-2.07	-0.45	0.14	-2.08	-0.45	0.14	-0.00	-0.00	-0.09	0.00	0.00	0.00	0.00	
-2.06	-0.45	0.14	-2.07	-0.45	0.14	-0.00	-0.00	-0.09	0.00	0.00	0.00	0.00	
-2.05	-0.45	0.14	-2.06	-0.45	0.14	-0.00	-0.00	-0.09	0.00	0.00	0.00	0.00	
-2.04	-0.45	0.14	-2.05	-0.45	0.14	-0.00	-0.00	-0.09	0.00	0.00	0.00	0.00	
-2.03	-0.45	0.14	-2.04	-0.45	0.14	-0.00	-0.00	-0.09	0.00	0.00	0.00	0.00	
-2.02	-0.45	0.14	-2.03	-0.45	0.14	-0.00	-0.00	-0.09	0.00	0.00	0.00	0.00	
-2.01	-0.45	0.14	-2.02	-0.45	0.14	-0.00	-0.00	-0.09	0.00	0.00	0.00	0.00	
-2.00	-0.45	0.14	-2.01	-0.45	0.14	-0.00	-0.00	-0.09	0.00	0.00	0.00	0.00	
-1.99	-0.45	0.14	-2.00	-0.45	0.14	-0.00	-0.00	-0.09	0.00	0.00	0.00	0.00	
-1.98	-0.45	0.14	-1.99	-0.45	0.14	-0.00	-0.00	-0.09	0.00	0.00	0.00	0.00	
-1.97	-0.46	0.14	-1.98	-0.45	0.14	-0.00	-0.00	-0.09	0.00	0.00	0.00	0.00	
-1.96	-0.46	0.14	-1.97	-0.46	0.14	-0.00	-0.00	-0.09	0.00	0.00	0.00	0.00	
-1.95	-0.46	0.14	-1.96	-0.46	0.14	-0.00	-0.00	-0.09	0.00	0.00	0.00	0.00	
-1.94	-0.46	0.14	-1.95	-0.46	0.14	-0.00	-0.00	-0.09	0.00	0.00	0.00	0.00	
-1.93	-0.46	0.14	-1.94	-0.46	0.14	-0.00	-0.00	-0.09	0.00	0.00	0.00	0.00	
-1.92	-0.46	0.14	-1.93	-0.46	0.14	-0.00	-0.00	-0.09	0.00	0.00	0.00	0.00	
-1.91	-0.46	0.14	-1.92	-0.46	0.14	-0.00	-0.00	-0.09	0.00	0.00	0.00	0.00	
-1.90	-0.46	0.14	-1.91	-0.46	0.14	-0.00	-0.00	-0.10	0.00	0.00	0.00	0.00	
-1.90	-0.46	0.14	-1.90	-0.46	0.14	-0.00	-0.00	-0.10	0.00	0.00	0.00	0.00	
-1.89	-0.46	0.14	-1.90	-0.46	0.14	-0.00	-0.00	-0.10	0.00	0.00	0.00	0.00	
-1.88	-0.46	0.14	-1.89	-0.46	0.14	-0.00	-0.00	-0.10	0.00	0.00	0.00	0.00	
-1.87	-0.47	0.14	-1.88	-0.46	0.14	-0.00	-0.00	-0.10	0.00	0.00	0.00	0.00	
-1.86	-0.47	0.14	-1.87	-0.47	0.14	-0.00	-0.00	-0.10	0.00	0.00	0.00	0.00	
-1.85	-0.47	0.14	-1.86	-0.47	0.14	-0.00	-0.00	-0.10	0.00	0.00	0.00	0.00	
-1.84	-0.47	0.14	-1.85	-0.47	0.14	-0.00	-0.00	-0.10	0.00	0.00	0.00	0.00	
-1.83	-0.47	0.14	-1.84	-0.47	0.14	-0.00	-0.00	-0.10	0.00	0.00	0.00	0.00	
-1.82	-0.47	0.14	-1.83	-0.47	0.14	-0.00	-0.00	-0.10	0.00	0.00	0.00	0.00	
-1.81	-0.47	0.14	-1.82	-0.47	0.14	-0.00	-0.00	-0.10	0.00	0.00	0.00	0.00	
-1.80	-0.47	0.14	-1.81	-0.47	0.14	-0.00	-0.00	-0.10	0.00	0.00	0.00	0.00	
-1.79	-0.47	0.14	-1.80	-0.47	0.14	-0.00	-0.00	-0.10	0.00	0.00	0.00	0.00	
-1.78	-0.47	0.14	-1.79	-0.47	0.14	-0.00	-0.00	-0.10	0.00	0.00	0.00	0.00	
-1.77	-0.48	0.14	-1.78	-0.47	0.14	-0.00	-0.00	-0.10	0.00	0.00	0.00	0.00	
-1.76	-0.48	0.14	-1.77	-0.48	0.14	-0.00	-0.00	-0.10	0.00	0.00	0.00	0.00	
-1.75	-0.48	0.14	-1.76	-0.48	0.14	-0.00	-0.00	-0.10	0.00	0.00	0.00	0.00	
-1.74	-0.48	0.14	-1.75	-0.48	0.14	-0.00	-0.00	-0.10	0.00	0.00	0.00	0.00	
-1.73	-0.48	0.14	-1.74	-0.48	0.14	-0.00	-0.00	-0.10	0.00	0.00	0.00	0.00	
-1.72	-0.48	0.14	-1.73	-0.48	0.14	-0.00	-0.00	-0.10	0.00	0.00	0.00	0.00	
-1.71	-0.48	0.14	-1.72	-0.48	0.14	-0.00	-0.00	-0.10	0.00	0.00	0.00	0.00	
-1.70	-0.48	0.14	-1.71	-0.48	0.14	-0.00	-0.00	-0.10	0.00	0.00	0.00	0.00	
-1.69	-0.48	0.14	-1.70	-0.48	0.14	-0.00	-0.00	-0.10	0.00	0.00	0.00	0.00	
-1.68	-0.48	0.14	-1.69	-0.48	0.14	-0.00	-0.00	-0.10	0.00	0.00	0.00	0.00	
-1.67	-0.48	0.14	-1.68	-0.48	0.14	-0.00	-0.00	-0.10	0.00	0.00	0.00	0.00	
-1.66	-0.49	0.14	-1.67	-0.48	0.14	-0.00	-0.00	-0.11	0.00	0.00	0.00	0.00	
-1.65	-0.49	0.14	-1.66	-0.49	0.14	-0.00	-0.00	-0.11	0.00	0.00	0.00	0.00	
-1.64	-0.49	0.14	-1.65	-0.49	0.14	-0.00	-0.00	-0.11	0.00	0.00	0.00	0.00	
-1.63	-0.49	0.14	-1.64	-0.49	0.14	-0.00	-0.00	-0.11	0.00	0.00	0.00	0.00	
-1.62	-0.49	0.14	-1.63	-0.49	0.14	-0.00	-0.00	-0.11	0.00	0.00	0.00	0.00	
-1.61	-0.49	0.14	-1.62	-0.49	0.14	-0.00	-0.00	-0.11	0.00	0.00	0.00	0.00	
-1.60	-0.49	0.14	-1.61	-0.49	0.14	-0.00	-0.00	-0.11	0.00	0.00	0.00	0.00	
-1.59	-0.49	0.14	-1.60	-0.49	0.14	-0.00	-0.00	-0.11	0.00	0.00	0.00	0.00	
-1.59	-0.49	0.14	-1.59	-0.49	0.14	-0.00	-0.00	-0.11	0.00	0.00	0.00	0.00	
-1.58	-0.49	0.14	-1.59	-0.49	0.14	-0.00	-0.00	-0.11	0.00	0.00	0.00	0.00	
-1.57	-0.50	0.14	-1.58	-0.49	0.14	-0.00	-0.00	-0.11	0.00	0.00	0.00	0.00	
-1.56	-0.50	0.14	-1.57	-0.50	0.14	-0.00	-0.00	-0.11	0.00	0.00	0.00	0.00	
-1.55	-0.50	0.14	-1.56	-0.50	0.14	-0.00	-0.00	-0.11	0.00	0.00	0.00	0.00	
-1.54	-0.50	0.14	-1.55	-0.50	0.14	-0.00	-0.00	-0.11	0.00	0.00	0.00	0.00	
-1.53	-0.50	0.14	-1.54	-0.50	0.14	-0.00	-0.00	-0.11	0.00	0.00	0.00	0.00	
-1.52	-0.50	0.14	-1.53	-0.50	0.14	-0.00	-0.00	-0.11	0.00	0.00	0.00	0.00	
-1.51	-0.50	0.14	-1.52	-0.50	0.14	-0.00	-0.00	-0.11	0.00	0.00	0.00	0.00	
-1.50	-0.50	0.14	-1.51	-0.50	0.14	-0.00	-0.00	-0.11	0.00	0.00	0.00	0.00	
-1.49	-0.50	0.14	-1.50	-0.50	0.14	-0.00	-0.00	-0.11	0.00	0.00	0.00	0.00	
-1.48	-0.51	0.14	-1.49	-0.50	0.14	-0.00	-0.00	-0.11	0.00	0.00	0.00	0.00	
-1.47	-0.51	0.14	-1.48	-0.51	0.14	-0.00	-0.00	-0.11	0.00	0.00	0.00	0.00	
-1.46	-0.51	0.14	-1.47	-0.51	0.14	-0.00	-0.00	-0.11	0.00	0.00	0.00	0.00	
-1.45	-0.51	0.14	-1.46	-0.51	0.14	-0.00	-0.00	-0.11	0.00	0.00	0.00	0.00	
-1.44	-0.51	0.14	-1.45	-0.51	0.14	-0.00	-0.00	-0.11	0.00	0.00	0.00	0.00	
-1.43	-0.51	0.14	-1.44	-0.51	0.14	-0.00	-0.00	-0.11	0.00	0.00	0.00	0.00	
-1.42	-0.51	0.14	-1.43	-0.51	0.14	-0.00	-0.00	-0.11	0.00	0.00	0.00	0.00	
-1.41	-0.51	0.14	-1.42	-0.51	0.14	-0.00	-0.00	-0.11	0.00	0.00	0.00	0.00	
-1.40	-0.51	0.14	-1.41	-0.51	0.14	-0.00	-0.00	-0.11	0.00	0.00	0.00	0.00	
-1.39	-0.51	0.14	-1.40	-0.51	0.14	-0.00	-0.00	-0.11	0.00	0.00	0.00	0.00	
-1.38	-0.52	0.14	-1.39	-0.51	0.14	-0.00	-0.00	-0.11	0.00	0.00	0.00	0.00	
-1.37	-0.52	0.14	-1.38	-0.52	0.14	-0.00	-0.00	-0.11	0.00	0.00	0.00	0.00	
-1.36	-0.52	0.14	-1.37	-0.52	0.14	-0.00	-0.00	-0.11	0.00	0.00	0.00	0.00	
-1.35	-0.52	0.14	-1.36	-0.52	0.14	-0.00	-0.00	-0.11	0.00	0.00	0.00	0.00	
-1.34	-0.52	0.14	-1.35	-0.52	0.14	-0.00	-0.00	-0.11	0.00	0.00	0.00	0.00	
-1.33	-0.52	0.14	-1.34	-0.52	0.14	-0.00	-0.00	-0.11	0.00	0.00	0.00	0.00	
-1.32	-0.52	0.14	-1.33	-0.52	0.14	-0.00	-0.00	-0.12	0.00	0.00	0.00	0.00	
-1.31	-0.52	0.14	-1.32	-0.52	0.14	-0.00	-0.00	-0.13	0.00	0.00	0.00	0.00	
-1.30	-0.52	0.14	-1.31	-0.52	0.14	-0.00	-0.00	-0.14	0.00	0.00	0.00	0.00	
-1.30	-0.52	0.14	-1.30	-0.52	0.14	-0.00	-0.00	-0.14	0.00	0.00	0.00	0.00	
-1.29	-0.53	0.14	-1.30	-0.52	0.14	-0.00	-0.00	-0.14	0.00	0.00	0.00	0.00	
-1.28	-0.53	0.14	-1.29	-0.53	0.14	-0.00	-0.00	-0.14	0.00	0.00	0.00	0.00	
-1.27	-0.53	0.14	-1.28	-0.53	0.14	-0.00	-0.00	-0.14	0.00	0.00	0.00	0.00	
-1.26	-0.53	0.14	-1.27	-0.53	0.14	-0.00	-0.00	-0.14	0.00	0.00	0.00	0.00	
-1.25	-0.53	0.14	-1.26	-0.53	0.14	-0.00	-0.00	-0.14	0.00	0.00	0.00	0.00	
-1.24	-0.53	0.14	-1.25	-0.53	0.14	-0.00	-0.00	-0.14	0.00	0.00	0.00	0.00	
-1.23	-0.53	0.14	-1.24	-0.53	0.14	-0.00	-0.00	-0.14	0.00	0.00	0.00	0.00	
-1.22	-0.53	0.14	-1.23	-0.53	0.14	-0.00	-0.00	-0.14	0.00	0.00	0.00	0.00	
-1.21	-0.54	0.14	-1.22	-0.53	0.14	-0.00	-0.00	-0.14	0.00	0.00	0.00	0.00	
-1.20	-0.54	0.14	-1.21	-0.54	0.14	-0.00	-0.00	-0.14	0.00	0.00	0.00	0.00	
-1.19	-0.54	0.14	-1.20	-0.54	0.14	-0.00	-0.00	-0.14	0.00	0.00	0.00	0.00	
-1.18	-0.54	0.14	-1.19	-0.54	0.14	-0.00	-0.00	-0.14	0.00	0.00	0.00	0.00	
-1.17	-0.54	0.14	-1.18	-0.54	0.14	-0.00	-0.00	-0.14	0.00	0.00	0.00	0.00	
-1.16	-0.54	0.14	-1.17	-0.54	0.14	-0.00	-0.00	-0.14	0.00	0.00	0.00	0.00	
-1.15	-0.54	0.14	-1.16	-0.54	0.14	-0.00	-0.00	-0.14	0.00	0.00	0.00	0.00	
-1.14	-0.55	0.14	-1.15	-0.54	0.14	-0.00	-0.00	-0.14	0.00	0.00	0.00	0.00	
-1.13	-0.55	0.14	-1.14	-0.55	0.14	-0.00	-0.00	-0.14	0.00	0.00	0.00	0.00	
-1.12	-0.55	0.14	-1.13	-0.55	0.14	-0.00	-0.00	-0.14	0.00	0.00	0.00	0.00	
-1.11	-0.55	0.14	-1.12	-0.55	0.14	-0.00	-0.00	-0.14	0.00	0.00	0.00	0.00	
-1.10	-0.55	0.14	-1.11	-0.55	0.14	-0.00	-0.00	-0.14	0.00	0.00	0.00	0.00	
-1.09	-0.55	0.14	-1.10	-0.55	0.14	-0.00	-0.00	-0.14	0.00	0.00	0.00	0.00	
-1.08	-0.55	0.14	-1.09	-0.55	0.14	-0.00	-0.00	-0.14	0.00	0.00	0.00	0.00	
-1.07	-0.55	0.14	-1.08	-0.55	0.14	-0.00	-0.00	-0.14	0.00	0.00	0.00	0.00	
-1.06	-0.56	0.14	-1.07	-0.55	0.14	-0.00	-0.00	-0.14	0.00	0.00	0.00	0.00	
-1.05	-0.56	0.14	-1.06	-0.56	0.14	-0.00	-0.00	-0.14	0.00	0.00	0.00	0.00	
-1.04	-0.56	0.14	-1.05	-0.56	0.14	-0.00	-0.00	-0.14	0.00	0.00	0.00	0.00	
-1.03	-0.56	0.14	-1.04	-0.56	0.14	-0.00	-0.00	-0.14	0.00	0.00	0.00	0.00	
-1.02	-0.56	0.14	-1.03	-0.56	0.14	-0.00	-0.00	-0.14	0.00	0.00	0.00	0.00	
-1.02	-0.56	0.14	-1.02	-0.56	0.14	-0.00	-0.00	-0.14	0.00	0.00	0.00	0.00	
-1.01	-0.56	0.14	-1.02	-0.56	0.14	-0.00	-0.00	-0.14	0.00	0.00	0.00	0.00	
-1.00	-0.57	0.14	-1.01	-0.56	0.14	-0.00	-0.00	-0.14	0.00	0.00	0.00	0.00	
-0.99	-0.57	0.14	-1.00	-0.57	0.14	-0.00	-0.00	-0.14	0.00	0.00	0.00	0.00	
-0.98	-0.57	0.14	-0.99	-0.57	0.14	-0.00	-0.00	-0.14	0.00	0.00	0.00	0.00	
-0.97	-0.57	0.14	-0.98	-0.57	0.14	-0.00	-0.00	-0.14	0.00	0.00	0.00	0.00	
-0.96	-0.57	0.14	-0.97	-0.57	0.14	-0.00	-0.00	-0.14	0.00	0.00	0.00	0.00	
-0.95	-0.57	0.14	-0.96	-0.57	0.14	-0.00	-0.00	-0.14	0.00	0.00	0.00	0.00	
-0.94	-0.57	0.14	-0.95	-0.57	0.14	-0.00	-0.00	-0.14	0.00	0.00	0.00	0.00	
-0.93	-0.58	0.14	-0.94	-0.57	0.14	-0.00	-0.00	-0.14	0.00	0.00	0.00	0.00	
-0.92	-0.58	0.14	-0.93	-0.58	0.14	-0.00	-0.00	-0.14	0.00	0.00	0.00	0.00	
-0.91	-0.58	0.14	-0.92	-0.58	0.14	-0.00	-0.00	-0.14	0.00	0.00	0.00	0.00	
-0.90	-0.58	0.14	-0.91	-0.58	0.14	-0.00	-0.00	-0.14	0.00	0.00	0.00	0.00	
-0.89	-0.58	0.14	-0.90	-0.58	0.14	-0.00	-0.00	-0.14	0.00	0.00	0.00	0.00	
-0.88	-0.58	0.14	-0.89	-0.58	0.14	-0.00	-0.00	-0.14	0.00	0.00	0.00	0.00	
-0.87	-0.58	0.14	-0.88	-0.58	0.14	-0.00	-0.00	-0.15	0.00	0.00	0.00	0.00	
-0.86	-0.59	0.14	-0.87	-0.58	0.14	-0.00	-0.00	-0.15	0.00	0.00	0.00	0.00	
-0.85	-0.59	0.14	-0.86	-0.59	0.14	-0.00	-0.00	-0.15	0.00	0.00	0.00	0.00	
-0.84	-0.59	0.14	-0.85	-0.59	0.14	-0.00	-0.00	-0.15	0.00	0.00	0.00	0.00	
-0.83	-0.59	0.14	-0.84	-0.59	0.14	-0.00	-0.00	-0.15	0.00	0.00	0.00	0.00	
-0.82	-0.59	0.14	-0.83	-0.59	0.14	-0.00	-0.00	-0.15	0.00	0.00	0.00	0.00	
-0.81	-0.59	0.14	-0.82	-0.59	0.14	-0.00	-0.00	-0.15	0.00	0.00	0.00	0.00	
-0.80	-0.59	0.14	-0.81	-0.59	0.14	-0.00	-0.00	-0.15	0.00	0.00	0.00	0.00	
-0.79	-0.60	0.14	-0.80	-0.59	0.14	-0.00	-0.00	-0.15	0.00	0.00	0.00	0.00	
-0.78	-0.60	0.14	-0.79	-0.60	0.14	-0.00	-0.00	-0.15	0.00	0.00	0.00	0.00	
-0.77	-0.60	0.14	-0.78	-0.60	0.14	-0.00	-0.00	-0.15	0.00	0.00	0.00	0.00	
-0.76	-0.60	0.14	-0.77	-0.60	0.14	-0.00	-0.00	-0.15	0.00	0.00	0.00	0.00	
-0.75	-0.60	0.14	-0.76	-0.60	0.14	-0.00	-0.00	-0.15	0.00	0.00	0.00	0.00	
-0.75	-0.60	0.14	-0.75	-0.60	0.14	-0.00	-0.00	-0.15	0.00	0.00	0.00	0.00	
-0.74	-0.60	0.14	-0.75	-0.60	0.14	-0.00	-0.00	-0.15	0.00	0.00	0.00	0.00	
-0.73	-0.61	0.14	-0.74	-0.60	0.14	-0.00	-0.00	-0.15	0.00	0.00	0.00	0.00	
-0.72	-0.61	0.14	-0.73	-0.61	0.14	-0.00	-0.00	-0.15	0.00	0.00	0.00	0.00	
-0.71	-0.61	0.14	-0.72	-0.61	0.14	-0.00	-0.00	-0.15	0.00	0.00	0.00	0.00	
-0.70	-0.61	0.14	-0.71	-0.61	0.14	-0.00	-0.00	-0.15	0.00	0.00	0.00	0.00	
-0.69	-0.61	0.14	-0.70	-0.61	0.14	-0.00	-0.00	-0.15	0.00	0.00	0.00	0.00	
-0.68	-0.61	0.14	-0.69	-0.61	0.14	-0.00	-0.00	-0.15	0.00	0.00	0.00	0.00	
-0.67	-0.61	0.14	-0.68	-0.61	0.14	-0.00	-0.00	-0.15	0.00	0.00	0.00	0.00	
-0.66	-0.62	0.14	-0.67	-0.61	0.14	-0.00	-0.00	-0.15	0.00	0.00	0.00	0.00	
-0.65	-0.62	0.14	-0.66	-0.62	0.14	-0.00	-0.00	-0.16	0.00	0.00	0.00	0.00	
-0.64	-0.62	0.14	-0.65	-0.62	0.14	-0.00	-0.00	-0.16	0.00	0.00	0.00	0.00	
-0.63	-0.62	0.14	-0.64	-0.62	0.14	-0.00	-0.00	-0.16	0.00	0.00	0.00	0.00	
-0.62	-0.62	0.14	-0.63	-0.62	0.14	-0.00	-0.00	-0.16	0.00	0.00	0.00	0.00	
-0.61	-0.62	0.14	-0.62	-0.62	0.14	-0.00	-0.00	-0.16	0.00	0.00	0.00	0.00	
-0.60	-0.62	0.14	-0.61	-0.62	0.14	-0.00	-0.00	-0.16	0.00	0.00	0.00	0.00	
-0.59	-0.63	0.14	-0.60	-0.62	0.14	-0.00	-0.00	-0.16	0.00	0.00	0.00	0.00	
-0.58	-0.63	0.14	-0.59	-0.63	0.14	-0.00	-0.00	-0.16	0.00	0.00	0.00	0.00	
-0.57	-0.63	0.14	-0.58	-0.63	0.14	-0.00	-0.00	-0.16	0.00	0.00	0.00	0.00	
-0.56	-0.63	0.14	-0.57	-0.63	0.14	-0.00	-0.00	-0.16	0.00	0.00	0.00	0.00	
-0.55	-0.63	0.14	-0.56	-0.63	0.14	-0.00	-0.00	-0.16	0.00	0.00	0.00	0.00	
-0.54	-0.63	0.14	-0.55	-0.63	0.14	-0.00	-0.00	-0.16	0.00	0.00	0.00	0.00	
-0.53	-0.64	0.14	-0.54	-0.63	0.14	-0.00	-0.00	-0.16	0.00	0.00	0.00	0.00	
-0.52	-0.64	0.14	-0.53	-0.64	0.14	-0.00	-0.00	-0.16	0.00	0.00	0.00	0.00	
-0.51	-0.64	0.14	-0.52	-0.64	0.14	-0.00	-0.00	-0.16	0.00	0.00	0.00	0.00	
-0.50	-0.64	0.14	-0.51	-0.64	0.14	-0.00	-0.00	-0.16	0.00	0.00	0.00	0.00	
-0.49	-0.64	0.14	-0.50	-0.64	0.14	-0.00	-0.00	-0.16	0.00	0.00	0.00	0.00	
-0.49	-0.64	0.14	-0.49	-0.64	0.14	-0.00	-0.00	-0.16	0.00	0.00	0.00	0.00	
-0.48	-0.64	0.14	-0.49	-0.64	0.14	-0.00	-0.00	-0.16	0.00	0.00	0.00	0.00	
-0.47	-0.65	0.14	-0.48	-0.64	0.14	-0.00	-0.00	-0.16	0.00	0.00	0.00	0.00	
-0.46	-0.65	0.14	-0.47	-0.65	0.14	-0.00	-0.00	-0.16	0.00	0.00	0.00	0.00	
